3789.77545643 1.03488e-16
3792.81335688 6.45634e-17
3795.85125732 9.91473e-17
3798.88915777 8.41666e-17
3801.92705822 9.58929e-17
3804.96495867 9.93728e-17
3808.00285912 8.35862e-17
3811.04075956 1.03513e-16
3814.07866001 1.14363e-16
3817.11656046 1.02466e-16
3820.15446091 1.31922e-16
3823.19236135 1.04678e-16
3826.2302618 1.18181e-16
3829.26816225 1.17201e-16
3832.3060627 1.07315e-16
3835.34396315 1.02976e-16
3838.38186359 1.12389e-16
3841.41976404 1.18577e-16
3844.45766449 1.1502e-16
3847.49556494 1.11039e-16
3850.53346539 9.77568e-17
3853.57136583 7.31654e-17
3856.60926628 9.29196e-17
3859.64716673 1.14502e-16
3862.68506718 1.20243e-16
3865.72296762 1.07687e-16
3868.76086807 8.81688e-17
3871.79876852 1.01343e-16
3874.83666897 1.0682e-16
3877.87456942 7.77152e-17
3880.91246986 8.6968e-17
3883.95037031 9.33026e-17
3886.98827076 9.83671e-17
3890.02617121 8.5827e-17
3893.06407166 8.41298e-17
3896.1019721 9.63319e-17
3899.13987255 8.50665e-17
3902.177773 7.46175e-17
3905.21567345 7.02484e-17
3908.25357389 9.23112e-17
3911.29147434 1.00456e-16
3914.32937479 8.08824e-17
3917.36727524 8.25405e-17
3920.40517569 8.4255e-17
3923.44307613 7.07401e-17
3926.48097658 7.10569e-17
3929.51887703 6.63061e-17
3932.55677748 6.37847e-17
3935.59467793 7.80134e-17
3938.63257837 8.00537e-17
3941.67047882 7.47873e-17
3944.70837927 7.36598e-17
3947.74627972 5.68581e-17
3950.78418016 6.09761e-17
3953.82208061 8.08443e-17
3956.85998106 7.94166e-17
3959.89788151 7.24239e-17
3962.93578196 8.75021e-17
3965.9736824 7.29063e-17
3969.01158285 7.327e-17
3972.0494833 8.25028e-17
3975.08738375 7.78334e-17
3978.12528419 8.12815e-17
3981.16318464 9.15938e-17
3984.20108509 6.78562e-17
3987.23898554 7.43734e-17
3990.27688599 9.42857e-17
3993.31478643 9.41594e-17
3996.35268688 9.18407e-17
3999.39058733 1.0085e-16
4002.42848778 1.1867e-16
4005.46638823 9.53703e-17
4008.50428867 9.15934e-17
4011.54218912 1.05841e-16
4014.58008957 1.1251e-16
4017.61799002 1.10974e-16
4020.65589046 1.06639e-16
4023.69379091 1.28018e-16
4026.73169136 1.24398e-16
4029.76959181 1.23687e-16
4032.80749226 1.32774e-16
4035.8453927 1.15836e-16
4038.88329315 1.17124e-16
4041.9211936 1.26558e-16
4044.95909405 1.35812e-16
4047.9969945 1.31229e-16
4051.03489494 1.15361e-16
4054.07279539 1.27178e-16
4057.11069584 1.35144e-16
4060.14859629 1.37558e-16
4063.18649673 1.20349e-16
4066.22439718 1.29642e-16
4069.26229763 1.21114e-16
4072.30019808 1.19888e-16
4075.33809853 1.5196e-16
4078.37599897 1.34777e-16
4081.41389942 1.26722e-16
4084.45179987 1.34419e-16
4087.48970032 1.19524e-16
4090.52760077 1.35097e-16
4093.56550121 1.43425e-16
4096.60340166 1.15462e-16
4099.64130211 1.30744e-16
4102.67920256 1.33372e-16
4105.717103 1.31218e-16
4108.75500345 1.15273e-16
4111.7929039 1.27318e-16
4114.83080435 1.32775e-16
4117.8687048 1.28289e-16
4120.90660524 1.31534e-16
4123.94450569 1.31822e-16
4126.98240614 1.1473e-16
4130.02030659 1.08152e-16
4133.05820704 1.29418e-16
4136.09610748 1.14531e-16
4139.13400793 1.24186e-16
4142.17190838 1.35601e-16
4145.20980883 1.23098e-16
4148.24770927 1.26154e-16
4151.28560972 1.00391e-16
4154.32351017 1.14035e-16
4157.36141062 1.27607e-16
4160.39931107 1.23742e-16
4163.43721151 1.05488e-16
4166.47511196 1.07762e-16
4169.51301241 1.12107e-16
4172.55091286 1.13243e-16
4175.5888133 1.16769e-16
4178.62671375 1.09435e-16
4181.6646142 1.05009e-16
4184.70251465 9.70385e-17
4187.7404151 1.04938e-16
4190.77831554 1.19258e-16
4193.81621599 1.07599e-16
4196.85411644 1.06892e-16
4199.89201689 1.00251e-16
4202.92991734 9.63325e-17
4205.96781778 1.03599e-16
4209.00571823 1.13102e-16
4212.04361868 1.17352e-16
4215.08151913 1.03919e-16
4218.11941957 1.0081e-16
4221.15732002 1.02845e-16
4224.19522047 1.12143e-16
4227.23312092 1.30062e-16
4230.27102137 1.24564e-16
4233.30892181 1.12028e-16
4236.34682226 1.1185e-16
4239.38472271 1.10103e-16
4242.42262316 1.09907e-16
4245.46052361 1.10283e-16
4248.49842405 1.10043e-16
4251.5363245 1.24232e-16
4254.57422495 1.15937e-16
4257.6121254 1.03447e-16
4260.65002584 1.06804e-16
4263.68792629 1.02222e-16
4266.72582674 9.79412e-17
4269.76372719 9.55274e-17
4272.80162764 9.85264e-17
4275.83952808 1.16247e-16
4278.87742853 1.11566e-16
4281.91532898 1.11319e-16
4284.95322943 1.16732e-16
4287.99112988 1.23456e-16
4291.02903032 1.28134e-16
4294.06693077 1.01625e-16
4297.10483122 1.09329e-16
4300.14273167 1.12865e-16
4303.18063211 1.13304e-16
4306.21853256 1.16129e-16
4309.25643301 1.1811e-16
4312.29433346 1.26461e-16
4315.33223391 1.13267e-16
4318.37013435 1.11134e-16
4321.4080348 1.10536e-16
4324.44593525 1.20791e-16
4327.4838357 1.16212e-16
4330.52173615 1.11115e-16
4333.55963659 1.02781e-16
4336.59753704 1.0188e-16
4339.63543749 1.19096e-16
4342.67333794 1.2116e-16
4345.71123838 1.12991e-16
4348.74913883 1.2162e-16
4351.78703928 1.18598e-16
4354.82493973 1.1552e-16
4357.86284018 1.18742e-16
4360.90074062 1.08232e-16
4363.93864107 1.17264e-16
4366.97654152 1.2206e-16
4370.01444197 1.09179e-16
4373.05234241 1.12263e-16
4376.09024286 1.19654e-16
4379.12814331 1.14964e-16
4382.16604376 1.1922e-16
4385.20394421 1.12387e-16
4388.24184465 1.18082e-16
4391.2797451 1.17186e-16
4394.31764555 1.22765e-16
4397.355546 1.1572e-16
4400.39344645 1.17226e-16
4403.43134689 1.07265e-16
4406.46924734 1.10568e-16
4409.50714779 1.27949e-16
4412.54504824 1.22014e-16
4415.58294868 1.15142e-16
4418.62084913 1.17423e-16
4421.65874958 1.15384e-16
4424.69665003 1.20739e-16
4427.73455048 1.16321e-16
4430.77245092 1.21954e-16
4433.81035137 1.23977e-16
4436.84825182 1.15367e-16
4439.88615227 1.26465e-16
4442.92405272 1.28544e-16
4445.96195316 1.21425e-16
4448.99985361 1.30661e-16
4452.03775406 1.30435e-16
4455.07565451 1.21848e-16
4458.11355495 1.10524e-16
4461.1514554 1.23845e-16
4464.18935585 1.30537e-16
4467.2272563 1.23143e-16
4470.26515675 1.24356e-16
4473.30305719 1.13884e-16
4476.34095764 1.14101e-16
4479.37885809 1.35638e-16
4482.41675854 1.26541e-16
4485.45465899 1.14956e-16
4488.49255943 1.13204e-16
4491.53045988 1.26077e-16
4494.56836033 1.12619e-16
4497.60626078 1.22612e-16
4500.64416122 1.02202e-16
4503.68206167 1.05988e-16
4506.71996212 1.06537e-16
4509.75786257 1.03587e-16
4512.79576302 1.06146e-16
4515.83366346 1.01507e-16
4518.87156391 1.02451e-16
4521.90946436 1.05198e-16
4524.94736481 9.82623e-17
4527.98526525 1.06586e-16
4531.0231657 1.0178e-16
4534.06106615 9.15744e-17
4537.0989666 9.97252e-17
4540.13686705 9.69959e-17
4543.17476749 9.64701e-17
4546.21266794 1.07676e-16
4549.25056839 1.07894e-16
4552.28846884 1.05562e-16
4555.32636929 1.11953e-16
4558.36426973 9.72157e-17
4561.40217018 1.00079e-16
4564.44007063 1.03106e-16
4567.47797108 1.00842e-16
4570.51587152 1.09346e-16
4573.55377197 1.08277e-16
4576.59167242 1.08011e-16
4579.62957287 1.04085e-16
4582.66747332 1.07423e-16
4585.70537376 1.12871e-16
4588.74327421 1.14342e-16
4591.78117466 1.03528e-16
4594.81907511 1.09431e-16
4597.85697556 1.03245e-16
4600.894876 1.1453e-16
4603.93277645 1.20119e-16
4606.9706769 1.21964e-16
4610.00857735 1.18515e-16
4613.04647779 1.18535e-16
4616.08437824 1.19066e-16
4619.12227869 1.18707e-16
4622.16017914 1.18798e-16
4625.19807959 1.26896e-16
4628.23598003 1.23844e-16
4631.27388048 1.32349e-16
4634.31178093 1.38156e-16
4637.34968138 1.19052e-16
4640.38758183 1.31006e-16
4643.42548227 1.39041e-16
4646.46338272 1.31596e-16
4649.50128317 1.30819e-16
4652.53918362 1.42606e-16
4655.57708406 1.4877e-16
4658.61498451 1.47457e-16
4661.65288496 1.43287e-16
4664.69078541 1.40539e-16
4667.72868586 1.45182e-16
4670.7665863 1.47296e-16
4673.80448675 1.53146e-16
4676.8423872 1.4183e-16
4679.88028765 1.50598e-16
4682.9181881 1.55568e-16
4685.95608854 1.55561e-16
4688.99398899 1.54437e-16
4692.03188944 1.52268e-16
4695.06978989 1.59429e-16
4698.10769033 1.54383e-16
4701.14559078 1.49641e-16
4704.18349123 1.5465e-16
4707.22139168 1.61188e-16
4710.25929213 1.58865e-16
4713.29719257 1.51027e-16
4716.33509302 1.55609e-16
4719.37299347 1.66944e-16
4722.41089392 1.70572e-16
4725.44879436 1.58475e-16
4728.48669481 1.66105e-16
4731.52459526 1.75203e-16
4734.56249571 1.6121e-16
4737.60039616 1.64865e-16
4740.6382966 1.74879e-16
4743.67619705 1.57223e-16
4746.7140975 1.5943e-16
4749.75199795 1.66048e-16
4752.7898984 1.66586e-16
4755.82779884 1.64571e-16
4758.86569929 1.61559e-16
4761.90359974 1.59099e-16
4764.94150019 1.58916e-16
4767.97940063 1.60126e-16
4771.01730108 1.51909e-16
4774.05520153 1.46813e-16
4777.09310198 1.53362e-16
4780.13100243 1.47829e-16
4783.16890287 1.53081e-16
4786.20680332 1.48965e-16
4789.24470377 1.49033e-16
4792.28260422 1.39478e-16
4795.32050467 1.43533e-16
4798.35840511 1.50761e-16
4801.39630556 1.46853e-16
4804.43420601 1.43467e-16
4807.47210646 1.44534e-16
4810.5100069 1.45433e-16
4813.54790735 1.36955e-16
4816.5858078 1.45395e-16
4819.62370825 1.38888e-16
4822.6616087 1.35477e-16
4825.69950914 1.37896e-16
4828.73740959 1.32483e-16
4831.77531004 1.32743e-16
4834.81321049 1.26426e-16
4837.85111094 1.25825e-16
4840.88901138 1.30238e-16
4843.92691183 1.25033e-16
4846.96481228 1.22781e-16
4850.00271273 1.20211e-16
4853.04061317 1.2493e-16
4856.07851362 1.14065e-16
4859.11641407 1.17787e-16
4862.15431452 1.17307e-16
4865.19221497 1.16556e-16
4868.23011541 1.19387e-16
4871.26801586 1.14456e-16
4874.30591631 1.1183e-16
4877.34381676 1.1661e-16
4880.38171721 1.13338e-16
4883.41961765 1.11878e-16
4886.4575181 1.15428e-16
4889.49541855 1.09105e-16
4892.533319 1.13802e-16
4895.57121944 1.13158e-16
4898.60911989 1.046e-16
4901.64702034 1.12706e-16
4904.68492079 1.15035e-16
4907.72282124 1.08512e-16
4910.76072168 1.13075e-16
4913.79862213 1.05874e-16
4916.83652258 1.04234e-16
4919.87442303 1.03195e-16
4922.91232347 1.07488e-16
4925.95022392 1.0654e-16
4928.98812437 1.04835e-16
4932.02602482 1.01466e-16
4935.06392527 1.04535e-16
4938.10182571 1.03651e-16
4941.13972616 9.21298e-17
4944.17762661 9.64243e-17
4947.21552706 1.08802e-16
4950.25342751 1.02169e-16
4953.29132795 1.10934e-16
4956.3292284 9.89678e-17
4959.36712885 1.04148e-16
4962.4050293 1.11853e-16
4965.44292974 1.12704e-16
4968.48083019 1.11822e-16
4971.51873064 1.07338e-16
4974.55663109 1.10826e-16
4977.59453154 1.18629e-16
4980.63243198 1.06245e-16
4983.67033243 1.10289e-16
4986.70823288 1.19616e-16
4989.74613333 1.15025e-16
4992.78403378 1.12922e-16
4995.82193422 1.13983e-16
4998.85983467 1.20413e-16
5001.89773512 1.25014e-16
5004.93563557 1.23924e-16
5007.97353601 1.25346e-16
5011.01143646 1.19432e-16
5014.04933691 1.26037e-16
5017.08723736 1.23444e-16
5020.12513781 1.1553e-16
5023.16303825 1.14633e-16
5026.2009387 1.18309e-16
5029.23883915 1.1496e-16
5032.2767396 1.12604e-16
5035.31464005 1.157e-16
5038.35254049 1.16751e-16
5041.39044094 1.13737e-16
5044.42834139 1.15468e-16
5047.46624184 1.16982e-16
5050.50414228 1.20377e-16
5053.54204273 1.17668e-16
5056.57994318 1.14177e-16
5059.61784363 1.16319e-16
5062.65574408 1.19905e-16
5065.69364452 1.25291e-16
5068.73154497 1.26458e-16
5071.76944542 1.27674e-16
5074.80734587 1.31725e-16
5077.84524632 1.43361e-16
5080.88314676 1.42003e-16
5083.92104721 1.41722e-16
5086.95894766 1.41726e-16
5089.99684811 1.37823e-16
5093.03474855 1.41178e-16
5096.072649 1.41995e-16
5099.11054945 1.43759e-16
5102.1484499 1.58173e-16
5105.18635035 1.57337e-16
5108.22425079 1.44963e-16
5111.26215124 1.4231e-16
5114.30005169 1.43293e-16
5117.33795214 1.48108e-16
5120.37585258 1.51558e-16
5123.41375303 1.50965e-16
5126.45165348 1.49527e-16
5129.48955393 1.4723e-16
5132.52745438 1.45779e-16
5135.56535482 1.38431e-16
5138.60325527 1.34913e-16
5141.64115572 1.38366e-16
5144.67905617 1.34759e-16
5147.71695662 1.30152e-16
5150.75485706 1.35525e-16
5153.79275751 1.3258e-16
5156.83065796 1.30114e-16
5159.86855841 1.22079e-16
5162.90645885 1.26262e-16
5165.9443593 1.19371e-16
5168.98225975 1.22472e-16
5172.0201602 1.27537e-16
5175.05806065 1.175e-16
5178.09596109 1.14175e-16
5181.13386154 1.19301e-16
5184.17176199 1.14136e-16
5187.20966244 1.11262e-16
5190.24756289 1.14206e-16
5193.28546333 1.14396e-16
5196.32336378 1.12003e-16
5199.36126423 1.12741e-16
5202.39916468 1.14199e-16
5205.43706512 1.14803e-16
5208.47496557 1.19236e-16
5211.51286602 1.20764e-16
5214.55076647 1.22523e-16
5217.58866692 1.20686e-16
5220.62656736 1.21894e-16
5223.66446781 1.23912e-16
5226.70236826 1.30274e-16
5229.74026871 1.32197e-16
5232.77816916 1.2998e-16
5235.8160696 1.31734e-16
5238.85397005 1.3479e-16
5241.8918705 1.39587e-16
5244.92977095 1.34964e-16
5247.96767139 1.42573e-16
5251.00557184 1.40234e-16
5254.04347229 1.35492e-16
5257.08137274 1.43668e-16
5260.11927319 1.44025e-16
5263.15717363 1.41377e-16
5266.19507408 1.46792e-16
5269.23297453 1.41464e-16
5272.27087498 1.42559e-16
5275.30877542 1.47439e-16
5278.34667587 1.46256e-16
5281.38457632 1.50935e-16
5284.42247677 1.53852e-16
5287.46037722 1.45122e-16
5290.49827766 1.43685e-16
5293.53617811 1.49154e-16
5296.57407856 1.47854e-16
5299.61197901 1.46092e-16
5302.64987946 1.47002e-16
5305.6877799 1.51658e-16
5308.72568035 1.51985e-16
5311.7635808 1.4736e-16
5314.80148125 1.49856e-16
5317.83938169 1.47956e-16
5320.87728214 1.54545e-16
5323.91518259 1.5519e-16
5326.95308304 1.42485e-16
5329.99098349 1.45188e-16
5333.02888393 1.56205e-16
5336.06678438 1.50848e-16
5339.10468483 1.46874e-16
5342.14258528 1.5006e-16
5345.18048573 1.57106e-16
5348.21838617 1.51617e-16
5351.25628662 1.56558e-16
5354.29418707 1.56135e-16
5357.33208752 1.56498e-16
5360.36998796 1.57208e-16
5363.40788841 1.48229e-16
5366.44578886 1.58701e-16
5369.48368931 1.57449e-16
5372.52158976 1.58989e-16
5375.5594902 1.60298e-16
5378.59739065 1.63633e-16
5381.6352911 1.65503e-16
5384.67319155 1.62974e-16
5387.711092 1.67513e-16
5390.74899244 1.63748e-16
5393.78689289 1.64843e-16
5396.82479334 1.63571e-16
5399.86269379 1.67733e-16
5402.90059423 1.71948e-16
5405.93849468 1.73824e-16
5408.97639513 1.70078e-16
5412.01429558 1.67366e-16
5415.05219603 1.72695e-16
5418.09009647 1.80606e-16
5421.12799692 1.73206e-16
5424.16589737 1.71537e-16
5427.20379782 1.75289e-16
5430.24169827 1.77267e-16
5433.27959871 1.73631e-16
5436.31749916 1.73893e-16
5439.35539961 1.82201e-16
5442.39330006 1.80019e-16
5445.4312005 1.72368e-16
5448.46910095 1.77833e-16
5451.5070014 1.77939e-16
5454.54490185 1.76786e-16
5457.5828023 1.73453e-16
5460.62070274 1.72984e-16
5463.65860319 1.78633e-16
5466.69650364 1.84496e-16
5469.73440409 1.86878e-16
5472.77230453 1.78698e-16
5475.81020498 1.70981e-16
5478.84810543 1.74923e-16
5481.88600588 1.77783e-16
5484.92390633 1.73883e-16
5487.96180677 1.76458e-16
5490.99970722 1.82126e-16
5494.03760767 1.78504e-16
5497.07550812 1.71029e-16
5500.11340857 1.70378e-16
5503.15130901 1.75984e-16
5506.18920946 1.7552e-16
5509.22710991 1.73993e-16
5512.26501036 1.80128e-16
5515.3029108 1.74024e-16
5518.34081125 1.77027e-16
5521.3787117 1.73595e-16
5524.41661215 1.62233e-16
5527.4545126 1.60627e-16
5530.49241304 1.64934e-16
5533.53031349 1.61225e-16
5536.56821394 1.59705e-16
5539.60611439 1.64069e-16
5542.64401484 1.61095e-16
5545.68191528 1.52035e-16
5548.71981573 1.5712e-16
5551.75771618 1.6218e-16
5554.79561663 1.62603e-16
5557.83351707 1.56467e-16
5560.87141752 1.4532e-16
5563.90931797 1.40394e-16
5566.94721842 1.53307e-16
5569.98511887 1.62444e-16
5573.02301931 1.57831e-16
5576.06091976 1.41816e-16
5579.09882021 1.42828e-16
5582.13672066 1.55222e-16
5585.17462111 1.50482e-16
5588.21252155 1.49739e-16
5591.250422 1.5647e-16
5594.28832245 1.55097e-16
5597.3262229 1.54101e-16
5600.36412334 1.56283e-16
5603.40202379 1.49907e-16
5606.43992424 1.51313e-16
5609.47782469 1.62989e-16
5612.51572514 1.53741e-16
5615.55362558 1.49825e-16
5618.59152603 1.58731e-16
5621.62942648 1.60621e-16
5624.66732693 1.5505e-16
5627.70522738 1.57286e-16
5630.74312782 1.58504e-16
5633.78102827 1.49253e-16
5636.81892872 1.53953e-16
5639.85682917 1.5296e-16
5642.89472961 1.52865e-16
5645.93263006 1.53848e-16
5648.97053051 1.52263e-16
5652.00843096 1.51696e-16
5655.04633141 1.49118e-16
5658.08423185 1.56479e-16
5661.1221323 1.55627e-16
5664.16003275 1.44243e-16
5667.1979332 1.4745e-16
5670.23583364 1.50768e-16
5673.27373409 1.47341e-16
5676.31163454 1.49169e-16
5679.34953499 1.45048e-16
5682.38743544 1.3802e-16
5685.42533588 1.42653e-16
5688.46323633 1.38034e-16
5691.50113678 1.39954e-16
5694.53903723 1.40583e-16
5697.57693768 1.33794e-16
5700.61483812 1.3599e-16
5703.65273857 1.36438e-16
5706.69063902 1.3628e-16
5709.72853947 1.32989e-16
5712.76643991 1.32992e-16
5715.80434036 1.39269e-16
5718.84224081 1.37599e-16
5721.88014126 1.28437e-16
5724.91804171 1.3571e-16
5727.95594215 1.32316e-16
5730.9938426 1.30254e-16
5734.03174305 1.33538e-16
5737.0696435 1.28535e-16
5740.10754395 1.22465e-16
5743.14544439 1.2577e-16
5746.18334484 1.30818e-16
5749.22124529 1.27454e-16
5752.25914574 1.32614e-16
5755.29704618 1.20838e-16
5758.33494663 1.21116e-16
5761.37284708 1.28254e-16
5764.41074753 1.27771e-16
5767.44864798 1.27957e-16
5770.48654842 1.25076e-16
5773.52444887 1.23077e-16
5776.56234932 1.29377e-16
5779.60024977 1.26542e-16
5782.63815022 1.25255e-16
5785.67605066 1.25366e-16
5788.71395111 1.22222e-16
5791.75185156 1.24531e-16
5794.78975201 1.20583e-16
5797.82765245 1.19163e-16
5800.8655529 1.19505e-16
5803.90345335 1.18102e-16
5806.9413538 1.15663e-16
5809.97925425 1.14275e-16
5813.01715469 1.13366e-16
5816.05505514 1.11117e-16
5819.09295559 1.08835e-16
5822.13085604 1.11013e-16
5825.16875648 1.09797e-16
5828.20665693 1.06683e-16
5831.24455738 1.03662e-16
5834.28245783 1.01555e-16
5837.32035828 1.10177e-16
5840.35825872 1.05729e-16
5843.39615917 1.1058e-16
5846.43405962 1.08886e-16
5849.47196007 1.00418e-16
5852.50986052 9.80518e-17
5855.54776096 1.03937e-16
5858.58566141 1.07974e-16
5861.62356186 1.06166e-16
5864.66146231 1.00964e-16
5867.69936275 1.01307e-16
5870.7372632 1.01325e-16
5873.77516365 9.93595e-17
5876.8130641 9.6654e-17
5879.85096455 8.9941e-17
5882.88886499 1.05242e-16
5885.92676544 1.0774e-16
5888.96466589 9.6072e-17
5892.00256634 9.00984e-17
5895.04046679 9.63167e-17
5898.07836723 9.29497e-17
5901.11626768 9.70339e-17
5904.15416813 9.40328e-17
5907.19206858 9.06565e-17
5910.22996902 9.64982e-17
5913.26786947 1.02918e-16
5916.30576992 9.99222e-17
5919.34367037 9.16243e-17
5922.38157082 9.54934e-17
5925.41947126 1.02212e-16
5928.45737171 9.48304e-17
5931.49527216 9.48842e-17
5934.53317261 9.91031e-17
5937.57107306 1.00223e-16
5940.6089735 1.02554e-16
5943.64687395 1.00861e-16
5946.6847744 1.03551e-16
5949.72267485 9.69291e-17
5952.76057529 9.18298e-17
5955.79847574 9.84062e-17
5958.83637619 1.02459e-16
5961.87427664 1.00399e-16
5964.91217709 1.01585e-16
5967.95007753 1.00595e-16
5970.98797798 9.85136e-17
5974.02587843 1.00233e-16
5977.06377888 9.76739e-17
5980.10167933 1.02462e-16
5983.13957977 1.07446e-16
5986.17748022 9.96702e-17
5989.21538067 1.04024e-16
5992.25328112 1.13908e-16
5995.29118156 1.08666e-16
5998.32908201 1.03774e-16
6001.36698246 1.0754e-16
6004.40488291 1.04706e-16
6007.44278336 1.01923e-16
6010.4806838 1.07446e-16
6013.51858425 1.09955e-16
6016.5564847 1.12965e-16
6019.59438515 1.12918e-16
6022.63228559 1.11024e-16
6025.67018604 1.09538e-16
6028.70808649 1.03116e-16
6031.74598694 1.09474e-16
6034.78388739 1.0925e-16
6037.82178783 1.07841e-16
6040.85968828 1.03475e-16
6043.89758873 1.02783e-16
6046.93548918 1.07603e-16
6049.97338963 1.0359e-16
6053.01129007 1.09003e-16
6056.04919052 1.0279e-16
6059.08709097 1.12547e-16
6062.12499142 1.12105e-16
6065.16289186 1.07347e-16
6068.20079231 1.14019e-16
6071.23869276 1.14755e-16
6074.27659321 1.15053e-16
6077.31449366 1.17144e-16
6080.3523941 1.20631e-16
6083.39029455 1.195e-16
6086.428195 1.17733e-16
6089.46609545 1.19577e-16
6092.5039959 1.224e-16
6095.54189634 1.15651e-16
6098.57979679 1.13073e-16
6101.61769724 1.16147e-16
6104.65559769 1.17557e-16
6107.69349813 1.17682e-16
6110.73139858 1.22248e-16
6113.76929903 1.20524e-16
6116.80719948 1.21085e-16
6119.84509993 1.1506e-16
6122.88300037 1.18999e-16
6125.92090082 1.19515e-16
6128.95880127 1.16108e-16
6131.99670172 1.17946e-16
6135.03460217 1.15936e-16
6138.07250261 1.17372e-16
6141.11040306 1.14587e-16
6144.14830351 1.15855e-16
6147.18620396 1.17792e-16
6150.2241044 1.1665e-16
6153.26200485 1.16124e-16
6156.2999053 1.16266e-16
6159.33780575 1.07105e-16
6162.3757062 1.08995e-16
6165.41360664 1.17432e-16
6168.45150709 1.16618e-16
6171.48940754 1.10955e-16
6174.52730799 1.12331e-16
6177.56520844 1.15612e-16
6180.60310888 1.08936e-16
6183.64100933 1.10479e-16
6186.67890978 1.09801e-16
6189.71681023 1.04815e-16
6192.75471067 1.0801e-16
6195.79261112 1.11923e-16
6198.83051157 1.06626e-16
6201.86841202 1.08553e-16
6204.90631247 1.07788e-16
6207.94421291 1.07159e-16
6210.98211336 1.12143e-16
6214.02001381 1.12039e-16
6217.05791426 1.11872e-16
6220.0958147 1.07242e-16
6223.13371515 1.16155e-16
6226.1716156 1.13903e-16
6229.20951605 1.12175e-16
6232.2474165 1.16389e-16
6235.28531694 1.10096e-16
6238.32321739 1.17947e-16
6241.36111784 1.20444e-16
6244.39901829 1.20249e-16
6247.43691874 1.23363e-16
6250.47481918 1.20785e-16
6253.51271963 1.15869e-16
6256.55062008 1.26945e-16
6259.58852053 1.18944e-16
6262.62642097 1.18465e-16
6265.66432142 1.14233e-16
6268.70222187 1.14496e-16
6271.74012232 1.18811e-16
6274.77802277 1.1809e-16
6277.81592321 1.21604e-16
6280.85382366 1.17491e-16
6283.89172411 1.16475e-16
6286.92962456 1.20723e-16
6289.96752501 1.23238e-16
6293.00542545 1.18473e-16
6296.0433259 1.14976e-16
6299.08122635 1.22337e-16
6302.1191268 1.1822e-16
6305.15702724 1.1682e-16
6308.19492769 1.18133e-16
6311.23282814 1.20849e-16
6314.27072859 1.24717e-16
6317.30862904 1.24624e-16
6320.34652948 1.2456e-16
6323.38442993 1.23513e-16
6326.42233038 1.19898e-16
6329.46023083 1.24389e-16
6332.49813128 1.29556e-16
6335.53603172 1.2807e-16
6338.57393217 1.26939e-16
6341.61183262 1.25109e-16
6344.64973307 1.23317e-16
6347.68763351 1.20967e-16
6350.72553396 1.1909e-16
6353.76343441 1.20856e-16
6356.80133486 1.26041e-16
6359.83923531 1.17331e-16
6362.87713575 1.15315e-16
6365.9150362 1.20887e-16
6368.95293665 1.18681e-16
6371.9908371 1.15686e-16
6375.02873755 1.14554e-16
6378.06663799 1.12723e-16
6381.10453844 1.16389e-16
6384.14243889 1.1315e-16
6387.18033934 1.06022e-16
6390.21823978 1.02918e-16
6393.25614023 1.07471e-16
6396.29404068 1.12966e-16
6399.33194113 1.02697e-16
6402.36984158 1.0211e-16
6405.40774202 1.05437e-16
6408.44564247 1.08577e-16
6411.48354292 1.07736e-16
6414.52144337 1.00974e-16
6417.55934381 1.05476e-16
6420.59724426 1.08794e-16
6423.63514471 1.11758e-16
6426.67304516 1.09037e-16
6429.71094561 1.045e-16
6432.74884605 1.05393e-16
6435.7867465 1.07564e-16
6438.82464695 1.06361e-16
6441.8625474 1.13096e-16
6444.90044785 1.13941e-16
6447.93834829 1.14325e-16
6450.97624874 1.19761e-16
6454.01414919 1.22741e-16
6457.05204964 1.22599e-16
6460.08995008 1.18641e-16
6463.12785053 1.23553e-16
6466.16575098 1.19855e-16
6469.20365143 1.1569e-16
6472.24155188 1.17346e-16
6475.27945232 1.2232e-16
6478.31735277 1.31025e-16
6481.35525322 1.299e-16
6484.39315367 1.2801e-16
6487.43105412 1.27281e-16
6490.46895456 1.28782e-16
6493.50685501 1.28981e-16
6496.54475546 1.24921e-16
6499.58265591 1.30986e-16
6502.62055635 1.36773e-16
6505.6584568 1.29384e-16
6508.69635725 1.28861e-16
6511.7342577 1.35915e-16
6514.77215815 1.36522e-16
6517.81005859 1.31442e-16
6520.84795904 1.39279e-16
6523.88585949 1.39294e-16
6526.92375994 1.41355e-16
6529.96166039 1.46183e-16
6532.99956083 1.42672e-16
6536.03746128 1.44347e-16
6539.07536173 1.45402e-16
6542.11326218 1.44014e-16
6545.15116262 1.4475e-16
6548.18906307 1.45122e-16
6551.22696352 1.44998e-16
6554.26486397 1.46775e-16
6557.30276442 1.4817e-16
6560.34066486 1.45116e-16
6563.37856531 1.41563e-16
6566.41646576 1.46047e-16
6569.45436621 1.5734e-16
6572.49226665 1.58294e-16
6575.5301671 1.44452e-16
6578.56806755 1.40454e-16
6581.605968 1.43191e-16
6584.64386845 1.40394e-16
6587.68176889 1.41505e-16
6590.71966934 1.46113e-16
6593.75756979 1.45625e-16
6596.79547024 1.4444e-16
6599.83337069 1.41365e-16
6602.87127113 1.41057e-16
6605.90917158 1.46328e-16
6608.94707203 1.47649e-16
6611.98497248 1.43454e-16
6615.02287292 1.4411e-16
6618.06077337 1.40906e-16
6621.09867382 1.40899e-16
6624.13657427 1.47121e-16
6627.17447472 1.50366e-16
6630.21237516 1.4966e-16
6633.25027561 1.51033e-16
6636.28817606 1.52502e-16
6639.32607651 1.43485e-16
6642.36397696 1.46616e-16
6645.4018774 1.53106e-16
6648.43977785 1.4558e-16
6651.4776783 1.44443e-16
6654.51557875 1.48081e-16
6657.55347919 1.46016e-16
6660.59137964 1.47793e-16
6663.62928009 1.51117e-16
6666.66718054 1.49193e-16
6669.70508099 1.51776e-16
6672.74298143 1.46272e-16
6675.78088188 1.52301e-16
6678.81878233 1.50883e-16
6681.85668278 1.49275e-16
6684.89458323 1.50489e-16
6687.93248367 1.51622e-16
6690.97038412 1.56404e-16
6694.00828457 1.43595e-16
6697.04618502 1.46259e-16
6700.08408546 1.46858e-16
6703.12198591 1.45813e-16
6706.15988636 1.53061e-16
6709.19778681 1.46533e-16
6712.23568726 1.454e-16
6715.2735877 1.47991e-16
6718.31148815 1.45756e-16
6721.3493886 1.44436e-16
6724.38728905 1.48362e-16
6727.4251895 1.49914e-16
6730.46308994 1.54124e-16
6733.50099039 1.56085e-16
6736.53889084 1.54615e-16
6739.57679129 1.49659e-16
6742.61469173 1.49091e-16
6745.65259218 1.54748e-16
6748.69049263 1.47032e-16
6751.72839308 1.41584e-16
6754.76629353 1.43049e-16
6757.80419397 1.449e-16
6760.84209442 1.43052e-16
6763.87999487 1.42036e-16
6766.91789532 1.41457e-16
6769.95579576 1.33074e-16
6772.99369621 1.38054e-16
6776.03159666 1.41969e-16
6779.06949711 1.37063e-16
6782.10739756 1.33995e-16
6785.145298 1.35265e-16
6788.18319845 1.37819e-16
6791.2210989 1.34757e-16
6794.25899935 1.2545e-16
6797.2968998 1.29223e-16
6800.33480024 1.38215e-16
6803.37270069 1.25355e-16
6806.41060114 1.31096e-16
6809.44850159 1.32085e-16
6812.48640203 1.28914e-16
6815.52430248 1.23118e-16
6818.56220293 1.24204e-16
6821.60010338 1.31883e-16
6824.63800383 1.23261e-16
6827.67590427 1.26454e-16
6830.71380472 1.24236e-16
6833.75170517 1.18862e-16
6836.78960562 1.22292e-16
6839.82750607 1.25449e-16
6842.86540651 1.21044e-16
6845.90330696 1.15142e-16
6848.94120741 1.14371e-16
6851.97910786 1.17779e-16
6855.0170083 1.17467e-16
6858.05490875 1.22551e-16
6861.0928092 1.28686e-16
6864.13070965 1.26286e-16
6867.1686101 1.14794e-16
6870.20651054 1.20931e-16
6873.24441099 1.22511e-16
6876.28231144 1.07574e-16
6879.32021189 1.12748e-16
6882.35811234 1.18072e-16
6885.39601278 1.11292e-16
6888.43391323 1.07834e-16
6891.47181368 1.13812e-16
6894.50971413 1.08707e-16
6897.54761457 1.03493e-16
6900.58551502 1.09661e-16
6903.62341547 1.15697e-16
6906.66131592 1.09582e-16
6909.69921637 1.0452e-16
6912.73711681 1.03546e-16
6915.77501726 1.03289e-16
6918.81291771 1.06162e-16
6921.85081816 1.09281e-16
6924.88871861 1.10887e-16
6927.92661905 1.08938e-16
6930.9645195 1.08013e-16
6934.00241995 1.05747e-16
6937.0403204 1.11215e-16
6940.07822084 1.04971e-16
6943.11612129 1.05769e-16
6946.15402174 1.07869e-16
6949.19192219 1.0443e-16
6952.22982264 1.04395e-16
6955.26772308 1.03863e-16
6958.30562353 1.05258e-16
6961.34352398 1.06614e-16
6964.38142443 1.01897e-16
6967.41932487 9.93072e-17
6970.45722532 1.09266e-16
6973.49512577 1.11789e-16
6976.53302622 1.02643e-16
6979.57092667 1.08348e-16
6982.60882711 1.09616e-16
6985.64672756 1.05153e-16
6988.68462801 1.0416e-16
6991.72252846 9.96123e-17
6994.76042891 9.93202e-17
6997.79832935 1.05461e-16
7000.8362298 1.03341e-16
7003.87413025 9.60026e-17
7006.9120307 9.30902e-17
7009.94993114 9.67751e-17
7012.98783159 9.98373e-17
7016.02573204 1.03387e-16
7019.06363249 9.96297e-17
7022.10153294 9.95347e-17
7025.13943338 1.06576e-16
7028.17733383 9.88649e-17
7031.21523428 9.76049e-17
7034.25313473 9.98328e-17
7037.29103518 1.00793e-16
7040.32893562 1.01449e-16
7043.36683607 1.00686e-16
7046.40473652 9.73785e-17
7049.44263697 9.84205e-17
7052.48053741 1.04012e-16
7055.51843786 9.69771e-17
7058.55633831 9.68528e-17
7061.59423876 1.01814e-16
7064.63213921 1.00503e-16
7067.67003965 9.95072e-17
7070.7079401 1.04142e-16
7073.74584055 1.10193e-16
7076.783741 1.10163e-16
7079.82164145 1.06017e-16
7082.85954189 1.10351e-16
7085.89744234 1.04676e-16
7088.93534279 1.01942e-16
7091.97324324 1.00246e-16
7095.01114368 9.71663e-17
7098.04904413 9.90554e-17
7101.08694458 1.08089e-16
7104.12484503 1.01409e-16
7107.16274548 1.07964e-16
7110.20064592 1.04067e-16
7113.23854637 1.00335e-16
7116.27644682 1.05158e-16
7119.31434727 1.01701e-16
7122.35224771 9.89753e-17
7125.39014816 1.03163e-16
7128.42804861 1.03112e-16
7131.46594906 1.00167e-16
7134.50384951 1.04535e-16
7137.54174995 1.07118e-16
7140.5796504 9.63356e-17
7143.61755085 9.41776e-17
7146.6554513 9.97032e-17
7149.69335175 9.945e-17
7152.73125219 9.53494e-17
7155.76915264 1.02456e-16
7158.80705309 1.09753e-16
7161.84495354 1.05748e-16
7164.88285398 1.03303e-16
7167.92075443 9.9348e-17
7170.95865488 1.00604e-16
7173.99655533 1.03961e-16
7177.03445578 1.10059e-16
7180.07235622 1.08919e-16
7183.11025667 1.02057e-16
7186.14815712 9.84456e-17
7189.18605757 1.01793e-16
7192.22395802 9.94491e-17
7195.26185846 9.53517e-17
7198.29975891 1.02517e-16
7201.33765936 1.10761e-16
7204.37555981 1.05498e-16
7207.41346025 1.00614e-16
7210.4513607 1.05747e-16
7213.48926115 1.1054e-16
7216.5271616 1.07051e-16
7219.56506205 1.08518e-16
7222.60296249 1.10313e-16
7225.64086294 1.06467e-16
7228.67876339 1.04819e-16
7231.71666384 1.1348e-16
7234.75456429 1.12188e-16
7237.79246473 1.04176e-16
7240.83036518 1.02841e-16
7243.86826563 1.05904e-16
7246.90616608 1.19313e-16
7249.94406652 1.10206e-16
7252.98196697 9.74907e-17
7256.01986742 1.07513e-16
7259.05776787 1.14003e-16
7262.09566832 9.85767e-17
7265.13356876 1.02872e-16
7268.17146921 1.0761e-16
7271.20936966 1.08659e-16
7274.24727011 1.14674e-16
7277.28517056 1.08986e-16
7280.323071 1.02275e-16
7283.36097145 1.02032e-16
7286.3988719 1.01011e-16
7289.43677235 9.5836e-17
7292.47467279 9.85958e-17
7295.51257324 1.04981e-16
7298.55047369 1.08132e-16
7301.58837414 1.10029e-16
7304.62627459 1.05855e-16
7307.66417503 1.05387e-16
7310.70207548 1.02906e-16
7313.73997593 9.90942e-17
7316.77787638 1.04486e-16
7319.81577682 1.12367e-16
7322.85367727 1.11988e-16
7325.89157772 1.04853e-16
7328.92947817 1.10926e-16
7331.96737862 1.14241e-16
7335.00527906 1.06099e-16
7338.04317951 1.00709e-16
7341.08107996 1.09549e-16
7344.11898041 1.03284e-16
7347.15688086 1.00199e-16
7350.1947813 1.05243e-16
7353.23268175 1.05658e-16
7356.2705822 1.06067e-16
7359.30848265 1.0092e-16
7362.34638309 1.01561e-16
7365.38428354 1.09584e-16
7368.42218399 1.1396e-16
7371.46008444 1.16918e-16
7374.49798489 1.08962e-16
7377.53588533 1.10922e-16
7380.57378578 1.19563e-16
7383.61168623 1.24482e-16
7386.64958668 1.27982e-16
7389.68748713 1.26e-16
7392.72538757 1.23245e-16
7395.76328802 1.27348e-16
7398.80118847 1.26096e-16
7401.83908892 1.16134e-16
7404.87698936 1.16856e-16
7407.91488981 1.28909e-16
7410.95279026 1.21737e-16
7413.99069071 1.18209e-16
7417.02859116 1.26191e-16
7420.0664916 1.28133e-16
7423.10439205 1.22125e-16
7426.1422925 1.227e-16
7429.18019295 1.20311e-16
7432.2180934 1.18577e-16
7435.25599384 1.19183e-16
7438.29389429 1.23959e-16
7441.33179474 1.27822e-16
7444.36969519 1.27734e-16
7447.40759563 1.27541e-16
7450.44549608 1.25384e-16
7453.48339653 1.25737e-16
7456.52129698 1.30666e-16
7459.55919743 1.31928e-16
7462.59709787 1.30098e-16
7465.63499832 1.34061e-16
7468.67289877 1.31539e-16
7471.71079922 1.294e-16
7474.74869967 1.29177e-16
7477.78660011 1.26944e-16
7480.82450056 1.32328e-16
7483.86240101 1.32811e-16
7486.90030146 1.28434e-16
7489.9382019 1.2612e-16
7492.97610235 1.28348e-16
7496.0140028 1.27025e-16
7499.05190325 1.19497e-16
7502.0898037 1.25424e-16
7505.12770414 1.27946e-16
7508.16560459 1.28654e-16
7511.20350504 1.26805e-16
7514.24140549 1.23459e-16
7517.27930593 1.30517e-16
7520.31720638 1.27806e-16
7523.35510683 1.28783e-16
7526.39300728 1.33066e-16
7529.43090773 1.30161e-16
7532.46880817 1.33053e-16
7535.50670862 1.31315e-16
7538.54460907 1.26657e-16
7541.58250952 1.2256e-16
7544.62040997 1.24442e-16
7547.65831041 1.29647e-16
7550.69621086 1.31747e-16
7553.73411131 1.25747e-16
7556.77201176 1.33587e-16
7559.8099122 1.2662e-16
7562.84781265 1.21022e-16
7565.8857131 1.26471e-16
7568.92361355 1.19278e-16
7571.961514 1.23683e-16
7574.99941444 1.26241e-16
7578.03731489 1.25735e-16
7581.07521534 1.31205e-16
7584.11311579 1.3678e-16
7587.15101624 1.28489e-16
7590.18891668 1.17919e-16
7593.22681713 1.15743e-16
7596.26471758 1.30959e-16
7599.30261803 1.41312e-16
7602.34051847 1.22244e-16
7605.37841892 1.31956e-16
7608.41631937 1.23281e-16
7611.45421982 1.1023e-16
7614.49212027 1.02159e-16
7617.53002071 1.00838e-16
7620.56792116 1.11506e-16
7623.60582161 1.29559e-16
7626.64372206 1.24576e-16
7629.68162251 1.14534e-16
7632.71952295 1.13426e-16
7635.7574234 1.13157e-16
7638.79532385 1.129e-16
7641.8332243 1.17033e-16
7644.87112474 1.14976e-16
7647.90902519 1.1294e-16
7650.94692564 1.18303e-16
7653.98482609 1.20807e-16
7657.02272654 1.16479e-16
7660.06062698 1.17304e-16
7663.09852743 1.14722e-16
7666.13642788 1.24166e-16
7669.17432833 1.29745e-16
7672.21222878 1.19635e-16
7675.25012922 1.18263e-16
7678.28802967 1.14499e-16
7681.32593012 1.21007e-16
7684.36383057 1.26324e-16
7687.40173101 1.24892e-16
7690.43963146 1.24621e-16
7693.47753191 1.25134e-16
7696.51543236 1.1779e-16
7699.55333281 1.18839e-16
7702.59123325 1.19703e-16
7705.6291337 1.07826e-16
7708.66703415 1.08543e-16
7711.7049346 1.17179e-16
7714.74283504 1.24988e-16
7717.78073549 1.25669e-16
7720.81863594 1.15605e-16
7723.85653639 1.05777e-16
7726.89443684 9.84501e-17
7729.93233728 1.01869e-16
7732.97023773 1.06534e-16
7736.00813818 1.04324e-16
7739.04603863 1.0055e-16
7742.08393908 9.87985e-17
7745.12183952 9.56253e-17
7748.15973997 1.0448e-16
7751.19764042 1.01784e-16
7754.23554087 9.41336e-17
7757.27344131 9.7165e-17
7760.31134176 9.61025e-17
7763.34924221 9.53971e-17
7766.38714266 8.42946e-17
7769.42504311 8.14793e-17
7772.46294355 8.57671e-17
7775.500844 8.38834e-17
7778.53874445 8.68698e-17
7781.5766449 7.98689e-17
7784.61454535 7.24653e-17
7787.65244579 7.8141e-17
7790.69034624 7.9167e-17
7793.72824669 6.06464e-17
7796.76614714 6.45739e-17
7799.80404758 7.11804e-17
7802.84194803 6.91504e-17
7805.87984848 6.61955e-17
7808.91774893 6.77496e-17
7811.95564938 7.48234e-17
7814.99354982 7.645e-17
7818.03145027 7.00574e-17
7821.06935072 7.03157e-17
7824.10725117 7.624e-17
7827.14515162 8.23497e-17
7830.18305206 8.45352e-17
7833.22095251 8.13265e-17
7836.25885296 8.28512e-17
7839.29675341 8.5816e-17
7842.33465385 8.41642e-17
7845.3725543 7.98959e-17
7848.41045475 8.32624e-17
7851.4483552 8.9253e-17
7854.48625565 9.30462e-17
7857.52415609 8.90598e-17
7860.56205654 8.30168e-17
7863.59995699 8.93571e-17
7866.63785744 9.59282e-17
7869.67575788 1.00458e-16
7872.71365833 1.05426e-16
7875.75155878 1.01589e-16
7878.78945923 9.87938e-17
7881.82735968 1.07728e-16
7884.86526012 1.10675e-16
7887.90316057 1.13836e-16
7890.94106102 1.18302e-16
7893.97896147 1.12398e-16
7897.01686192 1.0619e-16
7900.05476236 1.10341e-16
7903.09266281 1.05873e-16
7906.13056326 1.09811e-16
7909.16846371 1.16052e-16
7912.20636415 1.10282e-16
7915.2442646 1.23174e-16
7918.28216505 1.22781e-16
7921.3200655 1.22296e-16
7924.35796595 1.24789e-16
7927.39586639 1.19843e-16
7930.43376684 1.24935e-16
7933.47166729 1.33093e-16
7936.50956774 1.33369e-16
7939.54746819 1.2934e-16
7942.58536863 1.28239e-16
7945.62326908 1.34499e-16
7948.66116953 1.31036e-16
7951.69906998 1.28703e-16
7954.73697042 1.2389e-16
7957.77487087 1.3117e-16
7960.81277132 1.36956e-16
7963.85067177 1.25039e-16
7966.88857222 1.32163e-16
7969.92647266 1.34294e-16
7972.96437311 1.30086e-16
7976.00227356 1.35241e-16
7979.04017401 1.35047e-16
7982.07807446 1.41237e-16
7985.1159749 1.32332e-16
7988.15387535 1.35946e-16
7991.1917758 1.39339e-16
7994.22967625 1.36622e-16
7997.26757669 1.47755e-16
8000.30547714 1.49211e-16
8003.34337759 1.48901e-16
8006.38127804 1.51374e-16
8009.41917849 1.50559e-16
8012.45707893 1.48822e-16
8015.49497938 1.43096e-16
8018.53287983 1.44496e-16
8021.57078028 1.48457e-16
8024.60868073 1.47834e-16
8027.64658117 1.42085e-16
8030.68448162 1.45333e-16
8033.72238207 1.48708e-16
8036.76028252 1.48577e-16
8039.79818296 1.49276e-16
8042.83608341 1.52455e-16
8045.87398386 1.53331e-16
8048.91188431 1.53468e-16
8051.94978476 1.50292e-16
8054.9876852 1.43379e-16
8058.02558565 1.41821e-16
8061.0634861 1.46443e-16
8064.10138655 1.46444e-16
8067.13928699 1.44183e-16
8070.17718744 1.4996e-16
8073.21508789 1.51328e-16
8076.25298834 1.48607e-16
8079.29088879 1.48706e-16
8082.32878923 1.41941e-16
8085.36668968 1.41824e-16
8088.40459013 1.46307e-16
8091.44249058 1.47358e-16
8094.48039103 1.428e-16
8097.51829147 1.42192e-16
8100.55619192 1.42072e-16
8103.59409237 1.39763e-16
8106.63199282 1.37412e-16
8109.66989326 1.37969e-16
8112.70779371 1.4167e-16
8115.74569416 1.35965e-16
8118.78359461 1.30676e-16
8121.82149506 1.37578e-16
8124.8593955 1.35513e-16
8127.89729595 1.28228e-16
8130.9351964 1.39519e-16
8133.97309685 1.33283e-16
8137.0109973 1.26558e-16
8140.04889774 1.20359e-16
8143.08679819 1.17565e-16
8146.12469864 1.20249e-16
8149.16259909 1.16816e-16
8152.20049953 1.22895e-16
8155.23839998 1.16193e-16
8158.27630043 1.08312e-16
8161.31420088 1.16643e-16
8164.35210133 1.16586e-16
8167.39000177 1.14085e-16
8170.42790222 1.18306e-16
8173.46580267 1.16865e-16
8176.50370312 1.1046e-16
8179.54160357 1.11624e-16
8182.57950401 1.17952e-16
8185.61740446 1.1059e-16
8188.65530491 1.0945e-16
8191.69320536 1.17721e-16
8194.7311058 1.15815e-16
8197.76900625 1.15181e-16
8200.8069067 1.083e-16
8203.84480715 1.07189e-16
8206.8827076 1.09457e-16
8209.92060804 1.09145e-16
8212.95850849 1.14339e-16
8215.99640894 1.04708e-16
8219.03430939 1.02469e-16
8222.07220984 1.01835e-16
8225.11011028 9.47761e-17
8228.14801073 9.54949e-17
8231.18591118 1.00776e-16
8234.22381163 1.03366e-16
8237.26171207 1.01687e-16
8240.29961252 1.03775e-16
8243.33751297 1.08019e-16
8246.37541342 9.87693e-17
8249.41331387 1.04971e-16
8252.45121431 1.06989e-16
8255.48911476 1.04775e-16
8258.52701521 1.037e-16
8261.56491566 9.80683e-17
8264.6028161 9.84332e-17
8267.64071655 9.72858e-17
8270.678617 9.10294e-17
8273.71651745 9.47036e-17
8276.7544179 1.02386e-16
8279.79231834 9.16078e-17
8282.83021879 8.91314e-17
8285.86811924 9.49152e-17
8288.90601969 8.80843e-17
8291.94392014 8.12913e-17
8294.98182058 9.89392e-17
8298.01972103 1.02648e-16
8301.05762148 9.6604e-17
8304.09552193 9.44164e-17
8307.13342237 9.75757e-17
8310.17132282 1.01604e-16
8313.20922327 1.03638e-16
8316.24712372 9.57407e-17
8319.28502417 9.20487e-17
8322.32292461 9.38002e-17
8325.36082506 9.4423e-17
8328.39872551 1.01723e-16
8331.43662596 9.54413e-17
8334.47452641 9.67772e-17
8337.51242685 1.0434e-16
8340.5503273 9.72256e-17
8343.58822775 9.39223e-17
8346.6261282 1.05756e-16
8349.66402864 1.12602e-16
8352.70192909 1.00878e-16
8355.73982954 9.65122e-17
8358.77772999 1.05081e-16
8361.81563044 1.03657e-16
8364.85353088 1.08701e-16
8367.89143133 1.15647e-16
8370.92933178 1.10018e-16
8373.96723223 1.06878e-16
8377.00513268 1.15402e-16
8380.04303312 1.12544e-16
8383.08093357 1.04375e-16
8386.11883402 9.5833e-17
8389.15673447 9.02242e-17
8392.19463491 9.19374e-17
8395.23253536 1.07036e-16
8398.27043581 1.04984e-16
8401.30833626 9.16136e-17
8404.34623671 9.97919e-17
8407.38413715 1.03882e-16
8410.4220376 1.00995e-16
8413.45993805 1.09638e-16
8416.4978385 1.12179e-16
8419.53573895 9.55972e-17
8422.57363939 1.03203e-16
8425.61153984 9.44155e-17
8428.64944029 9.00348e-17
8431.68734074 9.59236e-17
8434.72524118 9.39587e-17
8437.76314163 1.01153e-16
8440.80104208 9.6776e-17
8443.83894253 1.02124e-16
8446.87684298 1.04527e-16
8449.91474342 9.708e-17
8452.95264387 8.99592e-17
8455.99054432 9.5957e-17
8459.02844477 9.41293e-17
8462.06634521 9.86668e-17
8465.10424566 1.02081e-16
8468.14214611 1.01656e-16
8471.18004656 9.25697e-17
8474.21794701 7.89087e-17
8477.25584745 8.41564e-17
8480.2937479 9.04964e-17
8483.33164835 7.61703e-17
8486.3695488 7.34514e-17
8489.40744925 7.74311e-17
8492.44534969 7.59854e-17
8495.48325014 7.74351e-17
8498.52115059 8.68816e-17
8501.55905104 8.05871e-17
8504.59695148 7.76365e-17
8507.63485193 8.60536e-17
8510.67275238 8.39153e-17
8513.71065283 7.6249e-17
8516.74855328 8.01262e-17
8519.78645372 7.95978e-17
8522.82435417 7.64384e-17
8525.86225462 8.20631e-17
8528.90015507 8.38034e-17
8531.93805552 8.01743e-17
8534.97595596 7.96445e-17
8538.01385641 8.17561e-17
8541.05175686 8.31266e-17
8544.08965731 7.63811e-17
8547.12755775 7.8909e-17
8550.1654582 8.08136e-17
8553.20335865 8.12398e-17
8556.2412591 8.28768e-17
8559.27915955 8.51229e-17
8562.31705999 8.19727e-17
8565.35496044 8.84151e-17
8568.39286089 9.08372e-17
8571.43076134 8.93969e-17
8574.46866179 9.2517e-17
8577.50656223 9.20382e-17
8580.54446268 9.45883e-17
8583.58236313 9.32042e-17
8586.62026358 9.13959e-17
8589.65816402 9.4672e-17
8592.69606447 9.55213e-17
8595.73396492 8.82568e-17
8598.77186537 8.71911e-17
8601.80976582 9.74556e-17
8604.84766626 9.92545e-17
8607.88556671 8.43298e-17
8610.92346716 9.4274e-17
8613.96136761 9.68874e-17
8616.99926805 9.72113e-17
8620.0371685 1.04646e-16
8623.07506895 9.79561e-17
8626.1129694 9.60467e-17
8629.15086985 8.77011e-17
8632.18877029 8.49745e-17
8635.22667074 9.52943e-17
8638.26457119 9.32613e-17
8641.30247164 9.91618e-17
8644.34037209 1.01546e-16
8647.37827253 1.02675e-16
8650.41617298 1.12859e-16
8653.45407343 1.09478e-16
8656.49197388 9.98445e-17
8659.52987432 9.56376e-17
8662.56777477 9.73876e-17
8665.60567522 1.00571e-16
8668.64357567 1.05334e-16
8671.68147612 1.12672e-16
8674.71937656 1.15425e-16
8677.75727701 1.12691e-16
8680.79517746 1.06333e-16
8683.83307791 9.96371e-17
8686.87097836 1.11067e-16
8689.9088788 1.07878e-16
8692.94677925 1.02401e-16
8695.9846797 1.12396e-16
8699.02258015 1.0552e-16
8702.06048059 1.13476e-16
8705.09838104 1.1033e-16
8708.13628149 1.10309e-16
8711.17418194 1.2051e-16
8714.21208239 1.11798e-16
8717.24998283 1.08417e-16
8720.28788328 1.14525e-16
8723.32578373 1.14544e-16
8726.36368418 1.11686e-16
8729.40158463 1.20622e-16
8732.43948507 1.15697e-16
8735.47738552 1.03445e-16
8738.51528597 1.07547e-16
8741.55318642 1.21362e-16
8744.59108686 1.05534e-16
8747.62898731 1.10183e-16
8750.66688776 1.211e-16
8753.70478821 1.12978e-16
8756.74268866 1.06569e-16
8759.7805891 1.07238e-16
8762.81848955 1.14751e-16
8765.85639 1.26305e-16
8768.89429045 1.16173e-16
8771.9321909 9.18899e-17
8774.97009134 1.05459e-16
8778.00799179 1.09716e-16
8781.04589224 1.15943e-16
8784.08379269 1.19397e-16
8787.12169313 1.07519e-16
8790.15959358 1.12644e-16
8793.19749403 1.1436e-16
8796.23539448 1.13312e-16
8799.27329493 1.16755e-16
8802.31119537 1.1452e-16
8805.34909582 1.16095e-16
8808.38699627 1.22665e-16
8811.42489672 1.22894e-16
8814.46279716 1.25185e-16
8817.50069761 1.24286e-16
8820.53859806 1.02616e-16
8823.57649851 1.15233e-16
8826.61439896 1.3445e-16
8829.6522994 1.1249e-16
8832.69019985 1.31835e-16
8835.7281003 1.22445e-16
8838.76600075 1.199e-16
8841.8039012 1.32626e-16
8844.84180164 1.23037e-16
8847.87970209 1.26048e-16
8850.91760254 1.24785e-16
8853.95550299 1.23525e-16
8856.99340343 1.2431e-16
8860.03130388 1.1899e-16
8863.06920433 1.24076e-16
8866.10710478 1.2329e-16
8869.14500523 1.24739e-16
8872.18290567 1.38179e-16
8875.22080612 1.40231e-16
8878.25870657 1.27134e-16
8881.29660702 1.23451e-16
8884.33450747 1.21539e-16
8887.37240791 1.13034e-16
8890.41030836 1.24087e-16
8893.44820881 1.18753e-16
8896.48610926 1.2445e-16
8899.5240097 1.28115e-16
8902.56191015 1.15233e-16
8905.5998106 1.21049e-16
8908.63771105 1.21043e-16
8911.6756115 1.239e-16
8914.71351194 1.34505e-16
8917.75141239 1.29574e-16
8920.78931284 1.16576e-16
8923.82721329 1.17707e-16
8926.86511374 1.20912e-16
8929.90301418 1.15434e-16
8932.94091463 1.28844e-16
8935.97881508 1.26001e-16
8939.01671553 1.23994e-16
8942.05461597 1.24416e-16
8945.09251642 1.19549e-16
8948.13041687 1.13256e-16
8951.16831732 1.09318e-16
8954.20621777 1.09641e-16
8957.24411821 1.0527e-16
8960.28201866 9.9933e-17
8963.31991911 1.21338e-16
8966.35781956 1.1892e-16
8969.39572001 1.0635e-16
8972.43362045 1.07652e-16
8975.4715209 1.04167e-16
8978.50942135 9.42801e-17
8981.5473218 1.07894e-16
8984.58522224 1.09743e-16
8987.62312269 9.02857e-17
8990.66102314 1.0615e-16
8993.69892359 1.06577e-16
8996.73682404 9.61324e-17
8999.77472448 8.43743e-17
9002.81262493 8.14257e-17
9005.85052538 1.01422e-16
9008.88842583 9.66954e-17
9011.92632627 9.69721e-17
9014.96422672 1.09356e-16
9018.00212717 9.62093e-17
9021.04002762 1.00731e-16
9024.07792807 1.04421e-16
9027.11582851 9.74724e-17
9030.15372896 1.04213e-16
9033.19162941 9.53115e-17
9036.22952986 9.71976e-17
9039.26743031 9.62197e-17
9042.30533075 9.73057e-17
9045.3432312 1.02591e-16
9048.38113165 9.68015e-17
9051.4190321 8.92789e-17
9054.45693254 9.1551e-17
9057.49483299 8.96193e-17
9060.53273344 9.2756e-17
9063.57063389 9.72054e-17
9066.60853434 9.6494e-17
9069.64643478 9.57669e-17
9072.68433523 9.84122e-17
9075.72223568 9.3468e-17
9078.76013613 9.15029e-17
9081.79803658 9.17519e-17
9084.83593702 9.29698e-17
9087.87383747 9.68234e-17
9090.91173792 8.76778e-17
9093.94963837 8.41282e-17
9096.98753881 8.73914e-17
9100.02543926 7.55025e-17
9103.06333971 7.38021e-17
9106.10124016 7.2617e-17
9109.13914061 7.5873e-17
9112.17704105 8.29645e-17
9115.2149415 8.26027e-17
9118.25284195 7.38543e-17
9121.2907424 7.10201e-17
9124.32864285 7.33386e-17
9127.36654329 7.67853e-17
9130.40444374 7.44624e-17
9133.44234419 7.55376e-17
9136.48024464 7.25486e-17
9139.51814508 6.25617e-17
9142.55604553 6.88101e-17
9145.59394598 7.18624e-17
9148.63184643 7.0196e-17
9151.66974688 6.80435e-17
9154.70764732 6.65816e-17
9157.74554777 6.53709e-17
9160.78344822 6.62624e-17
9163.82134867 6.42557e-17
9166.85924911 5.78001e-17
9169.89714956 5.55036e-17
9172.93505001 6.24665e-17
9175.97295046 6.22706e-17
9179.01085091 5.56667e-17
9182.04875135 6.16499e-17
9185.0866518 5.80997e-17
9188.12455225 5.93592e-17
9191.1624527 5.76493e-17
9194.20035315 5.16526e-17
9197.23825359 6.69342e-17
9200.27615404 6.28733e-17
9203.31405449 5.62877e-17
9206.35195494 6.4099e-17
9209.38985538 6.38162e-17
9212.42775583 7.06134e-17
9215.46565628 7.45953e-17
9218.50355673 6.61769e-17
9221.54145718 5.92847e-17
9224.57935762 6.16458e-17
9227.61725807 6.91764e-17
9230.65515852 6.89738e-17
9233.69305897 6.40448e-17
9236.73095942 5.83038e-17
9239.76885986 7.38024e-17
9242.80676031 7.75457e-17
9245.84466076 6.68839e-17
9248.88256121 6.64623e-17
9251.92046165 7.21015e-17
9254.9583621 6.36383e-17
9257.99626255 5.69642e-17
9261.034163 6.11871e-17
9264.07206345 6.02978e-17
9267.10996389 5.98823e-17
9270.14786434 5.90379e-17
9273.18576479 5.66247e-17
9276.22366524 5.56515e-17
9279.26156569 5.907e-17
9282.29946613 6.23839e-17
9285.33736658 6.8686e-17
9288.37526703 6.48199e-17
9291.41316748 6.50719e-17
9294.45106792 6.03313e-17
9297.48896837 6.1069e-17
9300.52686882 5.62323e-17
9303.56476927 5.25074e-17
9306.60266972 5.22231e-17
9309.64057016 5.40991e-17
9312.67847061 5.90881e-17
9315.71637106 5.03637e-17
9318.75427151 3.71338e-17
9321.79217196 3.43427e-17
9324.8300724 4.66192e-17
9327.86797285 5.4641e-17
9330.9058733 4.41775e-17
9333.94377375 2.34752e-17
9336.98167419 1.40929e-17
9340.01957464 2.62266e-17
9343.05747509 3.52664e-17
9346.09537554 3.91343e-17
9349.13327599 3.75039e-17
9352.17117643 3.12155e-17
9355.20907688 3.02403e-17
9358.24697733 2.8591e-17
9361.28487778 3.33757e-17
9364.32277822 4.53497e-17
9367.36067867 3.92096e-17
9370.39857912 4.20277e-17
9373.43647957 4.60779e-17
9376.47438002 4.15431e-17
9379.51228046 4.27405e-17
9382.55018091 4.41567e-17
9385.58808136 4.06305e-17
9388.62598181 3.05415e-17
9391.66388226 3.42309e-17
9394.7017827 2.65772e-17
9397.73968315 4.02218e-17
9400.7775836 4.69332e-17
9403.81548405 4.63209e-17
9406.85338449 3.33999e-17
9409.89128494 3.82195e-17
9412.92918539 4.88495e-17
9415.96708584 5.71111e-17
9419.00498629 6.54091e-17
9422.04288673 6.1726e-17
9425.08078718 6.7962e-17
9428.11868763 7.02833e-17
9431.15658808 5.95629e-17
9434.19448853 6.88846e-17
9437.23238897 6.32061e-17
9440.27028942 4.51019e-17
9443.30818987 5.5981e-17
9446.34609032 6.08541e-17
9449.38399076 5.8544e-17
9452.42189121 5.06269e-17
9455.45979166 4.653e-17
9458.49769211 5.31886e-17
9461.53559256 6.82094e-17
9464.573493 6.42095e-17
9467.61139345 5.3575e-17
9470.6492939 6.64367e-17
9473.68719435 7.22171e-17
9476.7250948 5.46224e-17
9479.76299524 4.95149e-17
9482.80089569 4.71125e-17
9485.83879614 4.94639e-17
9488.87669659 5.68347e-17
9491.91459703 5.5354e-17
9494.95249748 6.29716e-17
9497.99039793 5.40385e-17
9501.02829838 4.61914e-17
9504.06619883 4.7368e-17
9507.10409927 5.55211e-17
9510.14199972 5.31603e-17
9513.17990017 5.16485e-17
9516.21780062 5.48842e-17
9519.25570107 4.42648e-17
9522.29360151 4.71648e-17
9525.33150196 5.28366e-17
9528.36940241 5.10958e-17
9531.40730286 4.58155e-17
9534.4452033 4.90923e-17
9537.48310375 5.59859e-17
9540.5210042 5.41777e-17
9543.55890465 5.05782e-17
9546.5968051 4.24124e-17
9549.63470554 4.59353e-17
9552.67260599 5.73352e-17
9555.71050644 5.06763e-17
9558.74840689 4.67197e-17
9561.78630733 4.26791e-17
9564.82420778 4.05328e-17
9567.86210823 4.99228e-17
9570.90000868 5.36577e-17
9573.93790913 4.87795e-17
9576.97580957 4.43285e-17
9580.01371002 4.99628e-17
9583.05161047 5.14007e-17
9586.08951092 5.15111e-17
9589.12741137 5.17385e-17
9592.16531181 4.65422e-17
9595.20321226 4.85518e-17
9598.24111271 4.28757e-17
9601.27901316 3.71855e-17
9604.3169136 4.61919e-17
9607.35481405 4.01222e-17
9610.3927145 3.49887e-17
9613.43061495 4.22159e-17
9616.4685154 4.2589e-17
9619.50641584 4.61521e-17
9622.54431629 4.4788e-17
9625.58221674 4.21936e-17
9628.62011719 5.05721e-17
9631.65801764 5.0452e-17
9634.69591808 4.60423e-17
9637.73381853 4.81955e-17
9640.77171898 4.52679e-17
9643.80961943 4.62639e-17
9646.84751987 4.41232e-17
9649.88542032 3.70521e-17
9652.92332077 3.56321e-17
9655.96122122 3.9238e-17
9658.99912167 4.43884e-17
9662.03702211 4.44057e-17
