3400.0 3.9433e-16
3401.525 2.9015e-16
3403.05 4.07e-16
3404.575 4.7677e-16
3406.1 4.3346e-16
3407.625 3.7837e-16
3409.15 4.0716e-16
3410.675 3.7085e-16
3412.2 3.4889e-16
3413.725 3.1228e-16
3415.25 3.5573e-16
3416.775 3.6331e-16
3418.3 2.602e-16
3419.825 3.0977e-16
3421.35 2.8326e-16
3422.875 3.3362e-16
3424.4 3.3329e-16
3425.925 2.9657e-16
3427.45 2.8181e-16
3428.975 3.4438e-16
3430.5 3.3363e-16
3432.025 3.7364e-16
3433.55 3.5947e-16
3435.075 3.8589e-16
3436.6 3.2632e-16
3438.125 3.5845e-16
3439.65 3.6082e-16
3441.175 4.1197e-16
3442.7 4.4963e-16
3444.225 4.6852e-16
3445.75 4.6375e-16
3447.275 4.0731e-16
3448.8 4.0465e-16
3450.325 3.8877e-16
3451.85 5.1341e-16
3453.375 5.0646e-16
3454.9 4.2309e-16
3456.425 4.4477e-16
3457.95 4.2962e-16
3459.475 4.5918e-16
3461.0 3.9502e-16
3462.525 3.778e-16
3464.05 5.1563e-16
3465.575 5.2441e-16
3467.1 4.3087e-16
3468.625 3.7943e-16
3470.15 3.5407e-16
3471.675 3.1125e-16
3473.2 3.1038e-16
3474.725 3.72e-16
3476.25 3.7278e-16
3477.775 3.5617e-16
3479.3 3.2873e-16
3480.825 3.6309e-16
3482.35 3.9628e-16
3483.875 3.851e-16
3485.4 3.9073e-16
3486.925 3.543e-16
3488.45 4.1052e-16
3489.975 4.2144e-16
3491.5 3.9977e-16
3493.025 4.4386e-16
3494.55 4.191e-16
3496.075 3.5458e-16
3497.6 4.1266e-16
3499.125 4.4432e-16
3500.65 4.4163e-16
3502.175 3.6663e-16
3503.7 4.1634e-16
3505.225 4.0319e-16
3506.75 4.35e-16
3508.275 5.2415e-16
3509.8 4.5798e-16
3511.325 4.9299e-16
3512.85 4.7667e-16
3514.375 4.7234e-16
3515.9 4.8563e-16
3517.425 4.8346e-16
3518.95 4.3377e-16
3520.475 4.8249e-16
3522.0 4.8536e-16
3523.525 4.4707e-16
3525.05 4.5075e-16
3526.575 4.6056e-16
3528.1 4.6999e-16
3529.625 4.8441e-16
3531.15 4.7609e-16
3532.675 4.4878e-16
3534.2 4.5218e-16
3535.725 4.3224e-16
3537.25 4.144e-16
3538.775 4.1188e-16
3540.3 4.0386e-16
3541.825 3.9634e-16
3543.35 3.5264e-16
3544.875 3.6691e-16
3546.4 4.2435e-16
3547.925 4.4003e-16
3549.45 4.1167e-16
3550.975 4.3165e-16
3552.5 4.2946e-16
3554.025 4.1165e-16
3555.55 3.9001e-16
3557.075 3.6739e-16
3558.6 4.0864e-16
3560.125 4.5482e-16
3561.65 3.8888e-16
3563.175 4.2525e-16
3564.7 3.8858e-16
3566.225 4.0739e-16
3567.75 4.8288e-16
3569.275 4.4446e-16
3570.8 4.4096e-16
3572.325 4.3162e-16
3573.85 4.2554e-16
3575.375 5.2358e-16
3576.9 5.1441e-16
3578.425 4.6531e-16
3579.95 5.0934e-16
3581.475 4.8921e-16
3583.0 4.9375e-16
3584.525 4.6488e-16
3586.05 4.9102e-16
3587.575 4.9845e-16
3589.1 5.6024e-16
3590.625 5.1391e-16
3592.15 5.0656e-16
3593.675 5.2856e-16
3595.2 5.0117e-16
3596.725 5.346e-16
3598.25 5.0748e-16
3599.775 5.0655e-16
3601.3 4.7959e-16
3602.825 4.7472e-16
3604.35 4.715e-16
3605.875 4.6448e-16
3607.4 4.6491e-16
3608.925 4.1946e-16
3610.45 4.3488e-16
3611.975 4.6392e-16
3613.5 4.3378e-16
3615.025 4.5551e-16
3616.55 4.2379e-16
3618.075 4.3185e-16
3619.6 4.3656e-16
3621.125 4.5207e-16
3622.65 4.3683e-16
3624.175 4.2606e-16
3625.7 4.7085e-16
3627.225 4.9658e-16
3628.75 4.9453e-16
3630.275 4.79e-16
3631.8 4.6413e-16
3633.325 4.575e-16
3634.85 4.887e-16
3636.375 4.8904e-16
3637.9 4.8545e-16
3639.425 4.181e-16
3640.95 4.8889e-16
3642.475 5.1705e-16
3644.0 4.6827e-16
3645.525 5.1917e-16
3647.05 4.6595e-16
3648.575 5.0464e-16
3650.1 4.9929e-16
3651.625 4.8227e-16
3653.15 4.7942e-16
3654.675 5.2301e-16
3656.2 5.5773e-16
3657.725 5.0426e-16
3659.25 4.3902e-16
3660.775 4.6668e-16
3662.3 4.9768e-16
3663.825 4.8302e-16
3665.35 4.6458e-16
3666.875 5.3259e-16
3668.4 5.4735e-16
3669.925 5.0263e-16
3671.45 4.9261e-16
3672.975 4.9382e-16
3674.5 5.0219e-16
3676.025 5.1621e-16
3677.55 5.7446e-16
3679.075 5.0466e-16
3680.6 5.0855e-16
3682.125 5.169e-16
3683.65 5.3354e-16
3685.175 5.1867e-16
3686.7 5.2908e-16
3688.225 5.0163e-16
3689.75 4.7015e-16
3691.275 5.3776e-16
3692.8 5.0791e-16
3694.325 5.0002e-16
3695.85 4.8346e-16
3697.375 4.5844e-16
3698.9 4.8299e-16
3700.425 5.2697e-16
3701.95 4.667e-16
3703.475 5.1492e-16
3705.0 4.858e-16
3706.525 4.6106e-16
3708.05 4.5952e-16
3709.575 4.7422e-16
3711.1 4.9868e-16
3712.625 4.2799e-16
3714.15 4.388e-16
3715.675 4.8288e-16
3717.2 4.5956e-16
3718.725 4.4368e-16
3720.25 4.7188e-16
3721.775 4.889e-16
3723.3 4.4916e-16
3724.825 4.5721e-16
3726.35 4.3655e-16
3727.875 5.7577e-16
3729.4 4.9667e-16
3730.925 4.8502e-16
3732.45 5.4452e-16
3733.975 5.1889e-16
3735.5 4.7738e-16
3737.025 4.9533e-16
3738.55 5.3002e-16
3740.075 5.0202e-16
3741.6 4.6686e-16
3743.125 4.9109e-16
3744.65 5.1597e-16
3746.175 4.8074e-16
3747.7 5.1206e-16
3749.225 5.0919e-16
3750.75 5.124e-16
3752.275 4.7855e-16
3753.8 4.5733e-16
3755.325 5.062e-16
3756.85 4.9575e-16
3758.375 4.7801e-16
3759.9 4.7601e-16
3761.425 4.7998e-16
3762.95 4.9678e-16
3764.475 5.0846e-16
3766.0 4.6775e-16
3767.525 4.5501e-16
3769.05 4.7352e-16
3770.575 4.9288e-16
3772.1 4.7406e-16
3773.625 4.4879e-16
3775.15 4.6555e-16
3776.675 4.6759e-16
3778.2 4.396e-16
3779.725 4.534e-16
3781.25 4.758e-16
3782.775 4.7285e-16
3784.3 4.4312e-16
3785.825 4.323e-16
3787.35 4.4113e-16
3788.875 4.4455e-16
3790.4 4.2095e-16
3791.925 4.5496e-16
3793.45 4.5572e-16
3794.975 4.5163e-16
3796.5 4.5041e-16
3798.025 4.4551e-16
3799.55 4.8091e-16
3801.075 5.1209e-16
3802.6 4.4725e-16
3804.125 4.6157e-16
3805.65 4.8231e-16
3807.175 4.5952e-16
3808.7 4.618e-16
3810.225 4.7894e-16
3811.75 4.76e-16
3813.275 4.7098e-16
3814.8 4.5002e-16
3816.325 4.6288e-16
3817.85 4.5491e-16
3819.375 4.8314e-16
3820.9 4.7015e-16
3822.425 4.7766e-16
3823.95 4.408e-16
3825.475 4.6922e-16
3827.0 4.8561e-16
3828.525 5.2066e-16
3830.05 5.2659e-16
3831.575 5.1201e-16
3833.1 4.9376e-16
3834.625 4.6998e-16
3836.15 4.9536e-16
3837.675 5.1542e-16
3839.2 5.0114e-16
3840.725 4.7983e-16
3842.25 5.0637e-16
3843.775 4.9939e-16
3845.3 4.6536e-16
3846.825 4.6678e-16
3848.35 4.4251e-16
3849.875 4.7905e-16
3851.4 4.7453e-16
3852.925 4.7382e-16
3854.45 4.7168e-16
3855.975 4.522e-16
3857.5 4.8369e-16
3859.025 4.9102e-16
3860.55 4.6116e-16
3862.075 4.664e-16
3863.6 4.5573e-16
3865.125 4.4987e-16
3866.65 4.7922e-16
3868.175 5.1031e-16
3869.7 4.6181e-16
3871.225 4.8684e-16
3872.75 4.9585e-16
3874.275 5.0191e-16
3875.8 5.0154e-16
3877.325 5.1687e-16
3878.85 4.7193e-16
3880.375 4.8707e-16
3881.9 4.9618e-16
3883.425 4.8326e-16
3884.95 4.6849e-16
3886.475 4.7391e-16
3888.0 4.8839e-16
3889.525 4.6483e-16
3891.05 4.3287e-16
3892.575 4.5537e-16
3894.1 4.8385e-16
3895.625 4.5298e-16
3897.15 4.6083e-16
3898.675 4.7521e-16
3900.2 4.4283e-16
3901.725 4.5901e-16
3903.25 4.5118e-16
3904.775 4.4784e-16
3906.3 4.4438e-16
3907.825 4.7501e-16
3909.35 5.0354e-16
3910.875 4.6487e-16
3912.4 4.6552e-16
3913.925 4.187e-16
3915.45 4.2485e-16
3916.975 4.2293e-16
3918.5 4.5001e-16
3920.025 4.3355e-16
3921.55 4.0488e-16
3923.075 4.35e-16
3924.6 4.4348e-16
3926.125 4.0301e-16
3927.65 3.974e-16
3929.175 4.4138e-16
3930.7 4.3526e-16
3932.225 4.0307e-16
3933.75 3.9623e-16
3935.275 3.9305e-16
3936.8 3.7256e-16
3938.325 4.0056e-16
3939.85 4.4614e-16
3941.375 4.2293e-16
3942.9 4.152e-16
3944.425 4.3361e-16
3945.95 3.982e-16
3947.475 4.149e-16
3949.0 4.063e-16
3950.525 3.748e-16
3952.05 3.9996e-16
3953.575 3.8115e-16
3955.1 3.9367e-16
3956.625 3.7113e-16
3958.15 3.9322e-16
3959.675 3.7285e-16
3961.2 3.674e-16
3962.725 3.62e-16
3964.25 3.6992e-16
3965.775 3.8635e-16
3967.3 3.971e-16
3968.825 3.8085e-16
3970.35 3.67e-16
3971.875 3.8615e-16
3973.4 3.9885e-16
3974.925 3.9904e-16
3976.45 3.9165e-16
3977.975 4.0816e-16
3979.5 4.2817e-16
3981.025 3.9438e-16
3982.55 4.2934e-16
3984.075 4.3119e-16
3985.6 4.5205e-16
3987.125 4.2527e-16
3988.65 4.1839e-16
3990.175 4.0344e-16
3991.7 4.2547e-16
3993.225 4.2862e-16
3994.75 4.2614e-16
3996.275 4.4714e-16
3997.8 4.3703e-16
3999.325 4.8222e-16
4000.85 4.7973e-16
4002.375 4.9461e-16
4003.9 4.752e-16
4005.425 4.9205e-16
4006.95 4.9297e-16
4008.475 4.9204e-16
4010.0 4.7798e-16
4011.525 4.5277e-16
4013.05 5.2188e-16
4014.575 5.2147e-16
4016.1 5.1067e-16
4017.625 5.5414e-16
4019.15 5.4276e-16
4020.675 5.1479e-16
4022.2 5.1121e-16
4023.725 5.1122e-16
4025.25 5.5024e-16
4026.775 5.4665e-16
4028.3 5.3422e-16
4029.825 5.2293e-16
4031.35 5.6631e-16
4032.875 5.6232e-16
4034.4 5.7723e-16
4035.925 5.2436e-16
4037.45 5.1618e-16
4038.975 4.969e-16
4040.5 5.5038e-16
4042.025 5.4549e-16
4043.55 5.2937e-16
4045.075 5.7455e-16
4046.6 5.8906e-16
4048.125 6.14e-16
4049.65 5.9849e-16
4051.175 5.6288e-16
4052.7 5.8725e-16
4054.225 5.8804e-16
4055.75 5.6789e-16
4057.275 5.4123e-16
4058.8 5.7638e-16
4060.325 5.8902e-16
4061.85 5.6387e-16
4063.375 5.6998e-16
4064.9 5.8204e-16
4066.425 5.7841e-16
4067.95 5.6474e-16
4069.475 5.9311e-16
4071.0 5.7917e-16
4072.525 5.4659e-16
4074.05 5.4971e-16
4075.575 5.6446e-16
4077.1 5.8432e-16
4078.625 5.8275e-16
4080.15 5.7878e-16
4081.675 5.7751e-16
4083.2 5.7353e-16
4084.725 5.4928e-16
4086.25 5.4084e-16
4087.775 5.548e-16
4089.3 5.7785e-16
4090.825 5.7163e-16
4092.35 5.5878e-16
4093.875 5.6588e-16
4095.4 5.6463e-16
4096.925 5.7292e-16
4098.45 5.7306e-16
4099.975 5.7781e-16
4101.5 5.7897e-16
4103.025 5.7784e-16
4104.55 5.7174e-16
4106.075 5.6494e-16
4107.6 5.6153e-16
4109.125 5.6784e-16
4110.65 5.8776e-16
4112.175 5.8898e-16
4113.7 5.6591e-16
4115.225 5.7401e-16
4116.75 5.5477e-16
4118.275 5.7477e-16
4119.8 5.5119e-16
4121.325 5.3398e-16
4122.85 5.4669e-16
4124.375 5.6352e-16
4125.9 5.5811e-16
4127.425 5.6755e-16
4128.95 5.6433e-16
4130.475 5.4948e-16
4132.0 5.4799e-16
4133.525 5.4025e-16
4135.05 5.4379e-16
4136.575 5.4525e-16
4138.1 5.1674e-16
4139.625 5.2354e-16
4141.15 5.2512e-16
4142.675 5.3888e-16
4144.2 5.3983e-16
4145.725 4.8774e-16
4147.25 4.8625e-16
4148.775 4.8376e-16
4150.3 5.2172e-16
4151.825 5.0962e-16
4153.35 4.9096e-16
4154.875 5.0051e-16
4156.4 5.2293e-16
4157.925 5.0893e-16
4159.45 4.8946e-16
4160.975 4.8281e-16
4162.5 4.6661e-16
4164.025 4.8309e-16
4165.55 5.0378e-16
4167.075 4.9471e-16
4168.6 4.753e-16
4170.125 4.4599e-16
4171.65 4.7301e-16
4173.175 4.8362e-16
4174.7 4.8539e-16
4176.225 5.0732e-16
4177.75 4.8148e-16
4179.275 4.4857e-16
4180.8 4.74e-16
4182.325 4.9382e-16
4183.85 4.7819e-16
4185.375 4.9915e-16
4186.9 4.5539e-16
4188.425 4.8095e-16
4189.95 4.9201e-16
4191.475 4.7702e-16
4193.0 4.8776e-16
4194.525 4.9214e-16
4196.05 4.5599e-16
4197.575 4.4706e-16
4199.1 4.6339e-16
4200.625 4.8678e-16
4202.15 4.5886e-16
4203.675 4.8038e-16
4205.2 4.9004e-16
4206.725 4.6932e-16
4208.25 4.9304e-16
4209.775 4.7873e-16
4211.3 4.7772e-16
4212.825 4.9137e-16
4214.35 5.1183e-16
4215.875 4.8194e-16
4217.4 4.8875e-16
4218.925 4.8754e-16
4220.45 4.9355e-16
4221.975 4.7817e-16
4223.5 5.2847e-16
4225.025 4.9025e-16
4226.55 4.8616e-16
4228.075 5.102e-16
4229.6 4.9828e-16
4231.125 4.7078e-16
4232.65 4.7483e-16
4234.175 5.0552e-16
4235.7 5.08e-16
4237.225 5.3221e-16
4238.75 5.1765e-16
4240.275 5.3978e-16
4241.8 5.0522e-16
4243.325 5.0352e-16
4244.85 5.1144e-16
4246.375 5.0339e-16
4247.9 5.186e-16
4249.425 5.111e-16
4250.95 5.0519e-16
4252.475 4.9149e-16
4254.0 4.8862e-16
4255.525 5.033e-16
4257.05 5.2415e-16
4258.575 5.1646e-16
4260.1 4.8288e-16
4261.625 4.9128e-16
4263.15 5.1386e-16
4264.675 5.0445e-16
4266.2 4.8942e-16
4267.725 4.7255e-16
4269.25 4.8857e-16
4270.775 4.7581e-16
4272.3 4.9929e-16
4273.825 4.935e-16
4275.35 4.8384e-16
4276.875 4.7149e-16
4278.4 4.6663e-16
4279.925 4.7485e-16
4281.45 4.9634e-16
4282.975 4.9981e-16
4284.5 4.9223e-16
4286.025 4.613e-16
4287.55 4.7338e-16
4289.075 5.1503e-16
4290.6 5.1894e-16
4292.125 5.0368e-16
4293.65 4.6157e-16
4295.175 4.5248e-16
4296.7 4.801e-16
4298.225 4.8938e-16
4299.75 4.8949e-16
4301.275 4.4763e-16
4302.8 4.6932e-16
4304.325 4.9407e-16
4305.85 4.9333e-16
4307.375 5.0539e-16
4308.9 4.9177e-16
4310.425 4.9156e-16
4311.95 4.5772e-16
4313.475 4.6039e-16
4315.0 4.5266e-16
4316.525 5.0586e-16
4318.05 5.1222e-16
4319.575 5.0371e-16
4321.1 4.955e-16
4322.625 4.9006e-16
4324.15 5.0551e-16
4325.675 4.974e-16
4327.2 4.8857e-16
4328.725 5.0508e-16
4330.25 5.3154e-16
4331.775 5.0151e-16
4333.3 5.1408e-16
4334.825 4.9448e-16
4336.35 4.8396e-16
4337.875 4.9726e-16
4339.4 5.0677e-16
4340.925 4.8521e-16
4342.45 4.9767e-16
4343.975 4.9513e-16
4345.5 5.3324e-16
4347.025 5.3205e-16
4348.55 5.0425e-16
4350.075 5.4455e-16
4351.6 4.989e-16
4353.125 4.866e-16
4354.65 5.1743e-16
4356.175 4.9271e-16
4357.7 5.6978e-16
4359.225 5.9988e-16
4360.75 5.0175e-16
4362.275 4.6339e-16
4363.8 4.7458e-16
4365.325 5.1101e-16
4366.85 5.0817e-16
4368.375 5.2139e-16
4369.9 5.1032e-16
4371.425 5.3911e-16
4372.95 5.0339e-16
4374.475 5.0121e-16
4376.0 5.3695e-16
4377.525 5.2953e-16
4379.05 5.0729e-16
4380.575 5.2736e-16
4382.1 5.3295e-16
4383.625 5.1942e-16
4385.15 5.1601e-16
4386.675 5.2772e-16
4388.2 4.8809e-16
4389.725 4.9498e-16
4391.25 5.1035e-16
4392.775 5.1586e-16
4394.3 5.1938e-16
4395.825 5.0232e-16
4397.35 4.9598e-16
4398.875 4.9612e-16
4400.4 5.08e-16
4401.925 4.807e-16
4403.45 4.8219e-16
4404.975 5.5365e-16
4406.5 5.2128e-16
4408.025 5.1426e-16
4409.55 4.9293e-16
4411.075 5.2192e-16
4412.6 4.9591e-16
4414.125 4.5604e-16
4415.65 4.6528e-16
4417.175 4.7044e-16
4418.7 5.1053e-16
4420.225 5.0356e-16
4421.75 5.1069e-16
4423.275 4.9862e-16
4424.8 4.4608e-16
4426.325 4.501e-16
4427.85 4.7431e-16
4429.375 4.9321e-16
4430.9 4.9038e-16
4432.425 4.7508e-16
4433.95 4.9343e-16
4435.475 4.8065e-16
4437.0 4.8184e-16
4438.525 4.746e-16
4440.05 4.6047e-16
4441.575 5.0995e-16
4443.1 5.1733e-16
4444.625 4.8797e-16
4446.15 5.1869e-16
4447.675 5.1971e-16
4449.2 4.9957e-16
4450.725 4.802e-16
4452.25 4.6696e-16
4453.775 4.7616e-16
4455.3 4.9061e-16
4456.825 4.7107e-16
4458.35 4.8213e-16
4459.875 4.9693e-16
4461.4 4.8419e-16
4462.925 4.8642e-16
4464.45 5.1687e-16
4465.975 5.1876e-16
4467.5 4.9435e-16
4469.025 4.993e-16
4470.55 4.9577e-16
4472.075 4.9769e-16
4473.6 4.8078e-16
4475.125 4.7509e-16
4476.65 4.8987e-16
4478.175 4.9063e-16
4479.7 4.4915e-16
4481.225 4.7433e-16
4482.75 4.7927e-16
4484.275 4.6593e-16
4485.8 4.7752e-16
4487.325 4.6736e-16
4488.85 4.7633e-16
4490.375 4.7429e-16
4491.9 4.606e-16
4493.425 4.4752e-16
4494.95 4.31e-16
4496.475 4.7247e-16
4498.0 5.0747e-16
4499.525 4.6359e-16
4501.05 4.6443e-16
4502.575 4.5136e-16
4504.1 4.572e-16
4505.625 4.3845e-16
4507.15 4.5754e-16
4508.675 4.4672e-16
4510.2 4.2646e-16
4511.725 4.3137e-16
4513.25 4.345e-16
4514.775 4.3413e-16
4516.3 4.3813e-16
4517.825 4.5775e-16
4519.35 4.6255e-16
4520.875 4.4477e-16
4522.4 4.5144e-16
4523.925 4.3988e-16
4525.45 4.4374e-16
4526.975 4.4812e-16
4528.5 4.4285e-16
4530.025 4.678e-16
4531.55 4.7233e-16
4533.075 4.8402e-16
4534.6 4.6899e-16
4536.125 4.6874e-16
4537.65 4.7058e-16
4539.175 4.5588e-16
4540.7 4.3472e-16
4542.225 4.7684e-16
4543.75 4.843e-16
4545.275 4.9648e-16
4546.8 4.6242e-16
4548.325 4.8122e-16
4549.85 4.9763e-16
4551.375 4.9957e-16
4552.9 4.9844e-16
4554.425 4.7055e-16
4555.95 5.0452e-16
4557.475 4.9336e-16
4559.0 4.8223e-16
4560.525 5.1459e-16
4562.05 4.6019e-16
4563.575 4.5686e-16
4565.1 4.5908e-16
4566.625 4.9595e-16
4568.15 4.7228e-16
4569.675 4.9608e-16
4571.2 5.1147e-16
4572.725 5.0551e-16
4574.25 4.6895e-16
4575.775 5.1594e-16
4577.3 5.2751e-16
4578.825 5.3475e-16
4580.35 5.4222e-16
4581.875 5.3168e-16
4583.4 4.9829e-16
4584.925 5.3578e-16
4586.45 5.2504e-16
4587.975 5.5076e-16
4589.5 5.4259e-16
4591.025 5.2957e-16
4592.55 5.1751e-16
4594.075 5.204e-16
4595.6 5.3884e-16
4597.125 5.7157e-16
4598.65 5.8519e-16
4600.175 5.447e-16
4601.7 5.2624e-16
4603.225 5.2708e-16
4604.75 5.1442e-16
4606.275 5.3586e-16
4607.8 5.2878e-16
4609.325 5.4198e-16
4610.85 5.2024e-16
4612.375 5.1419e-16
4613.9 5.1261e-16
4615.425 5.2976e-16
4616.95 5.5273e-16
4618.475 5.5629e-16
4620.0 5.3061e-16
4621.525 5.4636e-16
4623.05 5.8003e-16
4624.575 5.7613e-16
4626.1 5.4711e-16
4627.625 5.5021e-16
4629.15 5.5025e-16
4630.675 5.635e-16
4632.2 5.472e-16
4633.725 5.5833e-16
4635.25 5.7984e-16
4636.775 5.7791e-16
4638.3 5.7344e-16
4639.825 5.656e-16
4641.35 5.4239e-16
4642.875 5.7495e-16
4644.4 6.0082e-16
4645.925 6.2444e-16
4647.45 5.4913e-16
4648.975 5.4814e-16
4650.5 6.1817e-16
4652.025 5.547e-16
4653.55 5.5908e-16
4655.075 5.7269e-16
4656.6 5.9524e-16
4658.125 5.8483e-16
4659.65 5.9072e-16
4661.175 6.1345e-16
4662.7 6.0691e-16
4664.225 6.2003e-16
4665.75 5.8891e-16
4667.275 5.6758e-16
4668.8 5.3797e-16
4670.325 5.3852e-16
4671.85 5.6453e-16
4673.375 6.1928e-16
4674.9 6.0085e-16
4676.425 5.8997e-16
4677.95 5.7479e-16
4679.475 5.7052e-16
4681.0 5.6885e-16
4682.525 5.6434e-16
4684.05 5.6335e-16
4685.575 5.5031e-16
4687.1 5.4108e-16
4688.625 5.4959e-16
4690.15 5.8077e-16
4691.675 5.955e-16
4693.2 5.7377e-16
4694.725 5.7718e-16
4696.25 5.6848e-16
4697.775 6.0007e-16
4699.3 5.6465e-16
4700.825 5.7912e-16
4702.35 5.6431e-16
4703.875 5.6189e-16
4705.4 5.927e-16
4706.925 6.0303e-16
4708.45 5.7715e-16
4709.975 5.9931e-16
4711.5 6.0867e-16
4713.025 5.8238e-16
4714.55 5.9621e-16
4716.075 5.9551e-16
4717.6 5.8071e-16
4719.125 5.7044e-16
4720.65 5.9399e-16
4722.175 6.1487e-16
4723.7 6.147e-16
4725.225 6.0867e-16
4726.75 6.0932e-16
4728.275 6.2939e-16
4729.8 5.9477e-16
4731.325 5.862e-16
4732.85 5.9388e-16
4734.375 5.977e-16
4735.9 6.0609e-16
4737.425 6.0792e-16
4738.95 6.252e-16
4740.475 6.4472e-16
4742.0 6.2564e-16
4743.525 6.265e-16
4745.05 6.5673e-16
4746.575 6.3497e-16
4748.1 6.3834e-16
4749.625 6.1646e-16
4751.15 5.9902e-16
4752.675 5.824e-16
4754.2 5.7095e-16
4755.725 5.9682e-16
4757.25 6.0487e-16
4758.775 6.2105e-16
4760.3 6.2578e-16
4761.825 6.0594e-16
4763.35 5.7478e-16
4764.875 6.1702e-16
4766.4 6.2436e-16
4767.925 5.9902e-16
4769.45 5.6647e-16
4770.975 5.9144e-16
4772.5 5.8457e-16
4774.025 5.8302e-16
4775.55 5.3963e-16
4777.075 5.5798e-16
4778.6 5.4551e-16
4780.125 5.7355e-16
4781.65 5.8358e-16
4783.175 5.7161e-16
4784.7 5.6868e-16
4786.225 5.6608e-16
4787.75 5.7845e-16
4789.275 5.6925e-16
4790.8 5.4957e-16
4792.325 5.6574e-16
4793.85 5.6173e-16
4795.375 5.687e-16
4796.9 5.5763e-16
4798.425 5.4736e-16
4799.95 5.4216e-16
4801.475 5.0248e-16
4803.0 5.4307e-16
4804.525 5.3232e-16
4806.05 5.2925e-16
4807.575 5.3525e-16
4809.1 5.4572e-16
4810.625 5.3832e-16
4812.15 5.4857e-16
4813.675 5.1849e-16
4815.2 5.1792e-16
4816.725 5.3218e-16
4818.25 5.4164e-16
4819.775 5.4075e-16
4821.3 5.3668e-16
4822.825 5.3367e-16
4824.35 5.0968e-16
4825.875 5.18e-16
4827.4 5.2742e-16
4828.925 5.1381e-16
4830.45 5.0827e-16
4831.975 5.034e-16
4833.5 5.1754e-16
4835.025 5.3022e-16
4836.55 5.0798e-16
4838.075 4.944e-16
4839.6 5.2547e-16
4841.125 5.0765e-16
4842.65 4.9051e-16
4844.175 5.0655e-16
4845.7 5.2594e-16
4847.225 5.0056e-16
4848.75 4.8858e-16
4850.275 4.6548e-16
4851.8 4.7734e-16
4853.325 5.0291e-16
4854.85 5.0065e-16
4856.375 4.6668e-16
4857.9 4.9509e-16
4859.425 4.6508e-16
4860.95 4.5148e-16
4862.475 4.8733e-16
4864.0 4.8338e-16
4865.525 4.5747e-16
4867.05 4.6396e-16
4868.575 4.6702e-16
4870.1 4.6297e-16
4871.625 4.439e-16
4873.15 4.3768e-16
4874.675 4.4681e-16
4876.2 4.7188e-16
4877.725 4.5468e-16
4879.25 4.6497e-16
4880.775 4.6561e-16
4882.3 4.4718e-16
4883.825 4.6005e-16
4885.35 4.4842e-16
4886.875 4.3065e-16
4888.4 4.3648e-16
4889.925 4.3632e-16
4891.45 4.339e-16
4892.975 4.4021e-16
4894.5 4.5152e-16
4896.025 4.4113e-16
4897.55 4.3518e-16
4899.075 4.5636e-16
4900.6 4.542e-16
4902.125 4.2124e-16
4903.65 4.0613e-16
4905.175 4.0226e-16
4906.7 4.3659e-16
4908.225 4.4714e-16
4909.75 4.5631e-16
4911.275 4.4949e-16
4912.8 3.9964e-16
4914.325 4.5266e-16
4915.85 4.3772e-16
4917.375 4.2361e-16
4918.9 4.2986e-16
4920.425 4.2841e-16
4921.95 4.5286e-16
4923.475 4.5111e-16
4925.0 4.3111e-16
4926.525 4.3402e-16
4928.05 4.0392e-16
4929.575 4.0507e-16
4931.1 4.253e-16
4932.625 4.1965e-16
4934.15 4.4452e-16
4935.675 4.2566e-16
4937.2 4.3758e-16
4938.725 4.3112e-16
4940.25 4.1061e-16
4941.775 4.152e-16
4943.3 4.6315e-16
4944.825 4.4354e-16
4946.35 4.3311e-16
4947.875 4.3434e-16
4949.4 4.5436e-16
4950.925 4.3956e-16
4952.45 4.3064e-16
4953.975 4.4366e-16
4955.5 4.3617e-16
4957.025 4.2785e-16
4958.55 4.1231e-16
4960.075 4.0959e-16
4961.6 4.1885e-16
4963.125 4.4037e-16
4964.65 4.5508e-16
4966.175 4.6353e-16
4967.7 4.4217e-16
4969.225 4.2467e-16
4970.75 4.3999e-16
4972.275 4.6121e-16
4973.8 4.8932e-16
4975.325 4.6302e-16
4976.85 4.5373e-16
4978.375 4.5254e-16
4979.9 4.4088e-16
4981.425 4.4579e-16
4982.95 4.5689e-16
4984.475 4.4229e-16
4986.0 4.5205e-16
4987.525 4.4755e-16
4989.05 4.3004e-16
4990.575 4.4826e-16
4992.1 4.6316e-16
4993.625 4.6518e-16
4995.15 4.5648e-16
4996.675 4.2881e-16
4998.2 4.3139e-16
4999.725 4.3907e-16
5001.25 4.4947e-16
5002.775 4.31e-16
5004.3 4.3243e-16
5005.825 4.6099e-16
5007.35 4.3806e-16
5008.875 4.3727e-16
5010.4 4.7014e-16
5011.925 4.6484e-16
5013.45 4.5865e-16
5014.975 4.5723e-16
5016.5 4.5637e-16
5018.025 4.7875e-16
5019.55 4.7159e-16
5021.075 4.6299e-16
5022.6 4.5113e-16
5024.125 4.2834e-16
5025.65 4.4914e-16
5027.175 4.5968e-16
5028.7 4.507e-16
5030.225 4.6744e-16
5031.75 4.8728e-16
5033.275 4.5924e-16
5034.8 4.6208e-16
5036.325 4.9392e-16
5037.85 4.8397e-16
5039.375 4.5503e-16
5040.9 4.7302e-16
5042.425 4.9102e-16
5043.95 4.878e-16
5045.475 4.6467e-16
5047.0 4.6875e-16
5048.525 4.5213e-16
5050.05 4.5468e-16
5051.575 4.7287e-16
5053.1 4.3311e-16
5054.625 4.3467e-16
5056.15 4.7666e-16
5057.675 4.7666e-16
5059.2 4.7177e-16
5060.725 4.9182e-16
5062.25 4.8902e-16
5063.775 4.6454e-16
5065.3 4.8188e-16
5066.825 4.8006e-16
5068.35 4.8158e-16
5069.875 4.8484e-16
5071.4 4.7803e-16
5072.925 4.7881e-16
5074.45 4.9865e-16
5075.975 4.7093e-16
5077.5 5.1941e-16
5079.025 5.2522e-16
5080.55 5.1212e-16
5082.075 5.1757e-16
5083.6 5.1964e-16
5085.125 5.3141e-16
5086.65 5.3592e-16
5088.175 5.2289e-16
5089.7 5.145e-16
5091.225 5.2526e-16
5092.75 5.0916e-16
5094.275 4.978e-16
5095.8 5.2449e-16
5097.325 5.2891e-16
5098.85 5.1847e-16
5100.375 5.0743e-16
5101.9 5.3125e-16
5103.425 5.3304e-16
5104.95 5.3498e-16
5106.475 5.464e-16
5108.0 5.39e-16
5109.525 5.4963e-16
5111.05 5.5927e-16
5112.575 5.4191e-16
5114.1 5.2459e-16
5115.625 5.371e-16
5117.15 5.6085e-16
5118.675 5.5334e-16
5120.2 5.3608e-16
5121.725 5.4578e-16
5123.25 5.4148e-16
5124.775 5.3238e-16
5126.3 5.0353e-16
5127.825 5.3597e-16
5129.35 5.4334e-16
5130.875 5.4649e-16
5132.4 4.8398e-16
5133.925 4.7922e-16
5135.45 5.1427e-16
5136.975 5.2695e-16
5138.5 5.2261e-16
5140.025 5.0579e-16
5141.55 4.9956e-16
5143.075 4.8396e-16
5144.6 5.3144e-16
5146.125 5.4619e-16
5147.65 5.2682e-16
5149.175 5.0375e-16
5150.7 5.1188e-16
5152.225 5.1368e-16
5153.75 5.2321e-16
5155.275 4.7518e-16
5156.8 4.6594e-16
5158.325 4.8856e-16
5159.85 4.9422e-16
5161.375 4.8725e-16
5162.9 4.9323e-16
5164.425 5.0165e-16
5165.95 5.0139e-16
5167.475 5.1749e-16
5169.0 5.1745e-16
5170.525 5.1629e-16
5172.05 5.0155e-16
5173.575 4.8677e-16
5175.1 4.9958e-16
5176.625 4.7603e-16
5178.15 4.5561e-16
5179.675 4.6275e-16
5181.2 4.8019e-16
5182.725 4.6138e-16
5184.25 4.7656e-16
5185.775 4.9077e-16
5187.3 4.8636e-16
5188.825 4.9534e-16
5190.35 4.8649e-16
5191.875 4.582e-16
5193.4 4.3974e-16
5194.925 4.6304e-16
5196.45 4.5983e-16
5197.975 4.6999e-16
5199.5 4.7292e-16
5201.025 4.6816e-16
5202.55 4.6238e-16
5204.075 4.987e-16
5205.6 4.9742e-16
5207.125 4.9177e-16
5208.65 4.6762e-16
5210.175 4.7232e-16
5211.7 4.8582e-16
5213.225 4.9782e-16
5214.75 4.7945e-16
5216.275 4.8013e-16
5217.8 4.8773e-16
5219.325 5.1147e-16
5220.85 4.9064e-16
5222.375 4.8357e-16
5223.9 5.0285e-16
5225.425 4.87e-16
5226.95 4.6807e-16
5228.475 5.2013e-16
5230.0 5.0866e-16
5231.525 5.0192e-16
5233.05 5.3226e-16
5234.575 5.1115e-16
5236.1 4.8659e-16
5237.625 4.9652e-16
5239.15 4.8537e-16
5240.675 5.0945e-16
5242.2 5.1754e-16
5243.725 5.0419e-16
5245.25 5.115e-16
5246.775 5.1626e-16
5248.3 5.3067e-16
5249.825 5.507e-16
5251.35 5.3274e-16
5252.875 5.0901e-16
5254.4 5.262e-16
5255.925 5.4885e-16
5257.45 5.7669e-16
5258.975 5.7689e-16
5260.5 5.3229e-16
5262.025 5.3989e-16
5263.55 5.38e-16
5265.075 5.6368e-16
5266.6 5.485e-16
5268.125 5.1964e-16
5269.65 5.3442e-16
5271.175 5.1909e-16
5272.7 5.5694e-16
5274.225 5.8632e-16
5275.75 5.6362e-16
5277.275 5.1909e-16
5278.8 5.5578e-16
5280.325 5.5622e-16
5281.85 5.4468e-16
5283.375 5.6447e-16
5284.9 5.6342e-16
5286.425 5.6778e-16
5287.95 5.5255e-16
5289.475 5.2415e-16
5291.0 5.1933e-16
5292.525 5.3335e-16
5294.05 5.3059e-16
5295.575 5.3532e-16
5297.1 5.3124e-16
5298.625 5.2783e-16
5300.15 5.5536e-16
5301.675 5.4622e-16
5303.2 5.5481e-16
5304.725 5.3933e-16
5306.25 5.2854e-16
5307.775 5.2804e-16
5309.3 5.317e-16
5310.825 5.4635e-16
5312.35 5.5488e-16
5313.875 5.3985e-16
5315.4 5.4613e-16
5316.925 5.3636e-16
5318.45 5.2981e-16
5319.975 5.6406e-16
5321.5 6.132e-16
5323.025 5.8671e-16
5324.55 5.4264e-16
5326.075 5.526e-16
5327.6 5.4368e-16
5329.125 5.3739e-16
5330.65 5.2218e-16
5332.175 5.6326e-16
5333.7 5.7922e-16
5335.225 5.3547e-16
5336.75 5.5361e-16
5338.275 5.4902e-16
5339.8 5.6046e-16
5341.325 5.5373e-16
5342.85 5.4964e-16
5344.375 5.4838e-16
5345.9 5.4273e-16
5347.425 5.3785e-16
5348.95 5.6583e-16
5350.475 5.3397e-16
5352.0 5.1016e-16
5353.525 5.3678e-16
5355.05 5.3459e-16
5356.575 5.6784e-16
5358.1 5.4281e-16
5359.625 5.2151e-16
5361.15 5.5772e-16
5362.675 6.0989e-16
5364.2 5.9163e-16
5365.725 5.7215e-16
5367.25 5.4381e-16
5368.775 5.7704e-16
5370.3 5.8506e-16
5371.825 5.6446e-16
5373.35 5.6575e-16
5374.875 5.6263e-16
5376.4 5.6893e-16
5377.925 5.7503e-16
5379.45 5.7176e-16
5380.975 5.3739e-16
5382.5 5.7534e-16
5384.025 5.9969e-16
5385.55 5.986e-16
5387.075 5.8212e-16
5388.6 5.6117e-16
5390.125 5.7183e-16
5391.65 5.653e-16
5393.175 5.5414e-16
5394.7 5.8178e-16
5396.225 5.7832e-16
5397.75 5.875e-16
5399.275 5.559e-16
5400.8 5.7742e-16
5402.325 5.6902e-16
5403.85 5.9462e-16
5405.375 6.1345e-16
5406.9 6.2865e-16
5408.425 5.8936e-16
5409.95 5.9077e-16
5411.475 5.9466e-16
5413.0 5.7008e-16
5414.525 6.016e-16
5416.05 5.6181e-16
5417.575 5.7676e-16
5419.1 5.8377e-16
5420.625 5.775e-16
5422.15 5.4944e-16
5423.675 5.6746e-16
5425.2 5.8639e-16
5426.725 5.939e-16
5428.25 5.7992e-16
5429.775 5.9208e-16
5431.3 5.7691e-16
5432.825 5.7238e-16
5434.35 5.9073e-16
5435.875 5.3682e-16
5437.4 5.7419e-16
5438.925 5.7172e-16
5440.45 5.8884e-16
5441.975 5.7528e-16
5443.5 5.457e-16
5445.025 6.0087e-16
5446.55 5.8739e-16
5448.075 5.5528e-16
5449.6 5.5349e-16
5451.125 6.1612e-16
5452.65 5.6529e-16
5454.175 5.1775e-16
5455.7 5.438e-16
5457.225 5.2361e-16
5458.75 5.9016e-16
5460.275 5.0689e-16
5461.8 5.4121e-16
5463.325 5.3318e-16
5464.85 5.4491e-16
5466.375 5.8227e-16
5467.9 4.9333e-16
5469.425 5.0844e-16
5470.95 5.4601e-16
5472.475 5.6525e-16
5474.0 5.9273e-16
5475.525 5.7314e-16
5477.05 5.6262e-16
5478.575 5.7998e-16
5480.1 5.2869e-16
5481.625 5.0696e-16
5483.15 5.3958e-16
5484.675 5.4524e-16
5486.2 5.7565e-16
5487.725 6.1296e-16
5489.25 5.5979e-16
5490.775 5.263e-16
5492.3 5.5011e-16
5493.825 5.3125e-16
5495.35 4.8016e-16
5496.875 5.371e-16
5498.4 5.2326e-16
5499.925 5.0695e-16
5501.45 5.2527e-16
5502.975 5.0893e-16
5504.5 5.1554e-16
5506.025 5.3644e-16
5507.55 5.0939e-16
5509.075 5.2111e-16
5510.6 5.3011e-16
5512.125 5.1865e-16
5513.65 5.1132e-16
5515.175 5.0277e-16
5516.7 5.3664e-16
5518.225 5.4119e-16
5519.75 5.0137e-16
5521.275 4.8901e-16
5522.8 5.0597e-16
5524.325 5.2535e-16
5525.85 5.1887e-16
5527.375 4.8877e-16
5528.9 4.8326e-16
5530.425 5.0523e-16
5531.95 5.1346e-16
5533.475 5.003e-16
5535.0 5.0476e-16
5536.525 5.0968e-16
5538.05 4.9063e-16
5539.575 5.0352e-16
5541.1 5.0514e-16
5542.625 4.8934e-16
5544.15 5.0688e-16
5545.675 5.1601e-16
5547.2 4.9404e-16
5548.725 5.0817e-16
5550.25 5.2081e-16
5551.775 5.1427e-16
5553.3 5.1548e-16
5554.825 4.815e-16
5556.35 4.7207e-16
5557.875 4.6933e-16
5559.4 5.0913e-16
5560.925 5.3943e-16
5562.45 5.2855e-16
5563.975 5.1567e-16
5565.5 4.8984e-16
5567.025 4.7978e-16
5568.55 5.0031e-16
5570.075 5.0444e-16
5571.6 5.0951e-16
5573.125 5.1529e-16
5574.65 4.9985e-16
5576.175 5.0252e-16
5577.7 5.2728e-16
5579.225 5.0805e-16
5580.75 4.939e-16
5582.275 4.8163e-16
5583.8 4.6962e-16
5585.325 5.0429e-16
5586.85 4.8134e-16
5588.375 4.5706e-16
5589.9 4.9459e-16
5591.425 5.1403e-16
5592.95 5.0117e-16
5594.475 4.933e-16
5596.0 4.8599e-16
5597.525 4.7556e-16
5599.05 4.8573e-16
5600.575 4.8578e-16
5602.1 4.8429e-16
5603.625 4.8286e-16
5605.15 4.9338e-16
5606.675 4.8743e-16
5608.2 4.9881e-16
5609.725 5.0612e-16
5611.25 4.9989e-16
5612.775 4.9518e-16
5614.3 4.8698e-16
5615.825 4.9363e-16
5617.35 4.8296e-16
5618.875 4.6841e-16
5620.4 4.6103e-16
5621.925 4.8797e-16
5623.45 4.7882e-16
5624.975 4.8998e-16
5626.5 4.7735e-16
5628.025 4.3562e-16
5629.55 4.5623e-16
5631.075 4.8665e-16
5632.6 4.872e-16
5634.125 4.8368e-16
5635.65 4.6431e-16
5637.175 4.4978e-16
5638.7 4.4442e-16
5640.225 4.3763e-16
5641.75 4.3094e-16
5643.275 4.4109e-16
5644.8 4.6344e-16
5646.325 4.4396e-16
5647.85 4.4013e-16
5649.375 4.3844e-16
5650.9 4.5014e-16
5652.425 4.7058e-16
5653.95 4.5822e-16
5655.475 4.4813e-16
5657.0 4.5655e-16
5658.525 4.524e-16
5660.05 4.4053e-16
5661.575 4.4631e-16
5663.1 4.5954e-16
5664.625 4.6326e-16
5666.15 4.5297e-16
5667.675 4.2438e-16
5669.2 4.2017e-16
5670.725 4.2838e-16
5672.25 4.5282e-16
5673.775 4.4139e-16
5675.3 4.2517e-16
5676.825 4.2451e-16
5678.35 4.1478e-16
5679.875 4.2754e-16
5681.4 4.4118e-16
5682.925 4.2819e-16
5684.45 4.3228e-16
5685.975 4.3427e-16
5687.5 4.2127e-16
5689.025 4.1439e-16
5690.55 4.2264e-16
5692.075 4.1084e-16
5693.6 4.1365e-16
5695.125 4.4412e-16
5696.65 4.4034e-16
5698.175 4.1479e-16
5699.7 4.0629e-16
5701.225 4.0503e-16
5702.75 4.1448e-16
5704.275 4.3415e-16
5705.8 4.3628e-16
5707.325 4.1484e-16
5708.85 4.1345e-16
5710.375 4.2277e-16
5711.9 4.1862e-16
5713.425 4.2022e-16
5714.95 4.258e-16
5716.475 4.1507e-16
5718.0 4.0813e-16
5719.525 4.3837e-16
5721.05 4.3678e-16
5722.575 4.0527e-16
5724.1 4.0696e-16
5725.625 4.0837e-16
5727.15 4.0936e-16
5728.675 4.0224e-16
5730.2 4.0335e-16
5731.725 4.2332e-16
5733.25 4.1757e-16
5734.775 4.1064e-16
5736.3 4.0706e-16
5737.825 4.0449e-16
5739.35 4.1345e-16
5740.875 4.06e-16
5742.4 4.0126e-16
5743.925 4.1149e-16
5745.45 4.1045e-16
5746.975 3.9838e-16
5748.5 3.8955e-16
5750.025 3.8883e-16
5751.55 3.9581e-16
5753.075 4.0623e-16
5754.6 4.1325e-16
5756.125 4.0767e-16
5757.65 4.0371e-16
5759.175 3.9594e-16
5760.7 3.8952e-16
5762.225 3.9604e-16
5763.75 4.1104e-16
5765.275 4.0325e-16
5766.8 3.7421e-16
5768.325 3.7365e-16
5769.85 3.8895e-16
5771.375 4.0387e-16
5772.9 3.9942e-16
5774.425 4.1068e-16
5775.95 4.1249e-16
5777.475 3.9748e-16
5779.0 3.9068e-16
5780.525 3.948e-16
5782.05 3.9951e-16
5783.575 4.0307e-16
5785.1 3.9874e-16
5786.625 4.0379e-16
5788.15 3.9866e-16
5789.675 3.9072e-16
5791.2 3.9415e-16
5792.725 3.7912e-16
5794.25 3.8171e-16
5795.775 3.7806e-16
5797.3 3.7031e-16
5798.825 3.6223e-16
5800.35 3.6984e-16
5801.875 3.8742e-16
5803.4 4.0045e-16
5804.925 3.9959e-16
5806.45 3.9405e-16
5807.975 3.7547e-16
5809.5 3.7076e-16
5811.025 3.7796e-16
5812.55 3.811e-16
5814.075 3.9036e-16
5815.6 3.8345e-16
5817.125 3.8345e-16
5818.65 3.7447e-16
5820.175 3.6077e-16
5821.7 3.6425e-16
5823.225 3.736e-16
5824.75 3.6711e-16
5826.275 3.7226e-16
5827.8 3.7852e-16
5829.325 3.781e-16
5830.85 3.8527e-16
5832.375 3.5172e-16
5833.9 3.3889e-16
5835.425 3.5253e-16
5836.95 3.6033e-16
5838.475 3.6464e-16
5840.0 3.8428e-16
5841.525 3.7502e-16
5843.05 3.6309e-16
5844.575 3.6115e-16
5846.1 3.668e-16
5847.625 3.6674e-16
5849.15 3.5441e-16
5850.675 3.5885e-16
5852.2 3.5637e-16
5853.725 3.4317e-16
5855.25 3.5079e-16
5856.775 3.6669e-16
5858.3 3.477e-16
5859.825 3.3809e-16
5861.35 3.3687e-16
5862.875 3.3939e-16
5864.4 3.4646e-16
5865.925 3.4498e-16
5867.45 3.4112e-16
5868.975 3.4199e-16
5870.5 3.4378e-16
5872.025 3.4345e-16
5873.55 3.3402e-16
5875.075 3.4498e-16
5876.6 3.5895e-16
5878.125 3.4621e-16
5879.65 3.4369e-16
5881.175 3.4347e-16
5882.7 3.4016e-16
5884.225 3.3934e-16
5885.75 3.3833e-16
5887.275 3.508e-16
5888.8 3.6337e-16
5890.325 3.5521e-16
5891.85 3.5285e-16
5893.375 3.4016e-16
5894.9 3.2827e-16
5896.425 3.3585e-16
5897.95 3.3902e-16
5899.475 3.4079e-16
5901.0 3.4855e-16
5902.525 3.3886e-16
5904.05 3.1259e-16
5905.575 3.152e-16
5907.1 3.408e-16
5908.625 3.4669e-16
5910.15 3.4048e-16
5911.675 3.3532e-16
5913.2 3.2282e-16
5914.725 3.2132e-16
5916.25 3.2471e-16
5917.775 3.3206e-16
5919.3 3.2806e-16
5920.825 3.3554e-16
5922.35 3.4092e-16
5923.875 3.4687e-16
5925.4 3.4146e-16
5926.925 3.2799e-16
5928.45 3.4328e-16
5929.975 3.4943e-16
5931.5 3.4955e-16
5933.025 3.5191e-16
5934.55 3.4916e-16
5936.075 3.4262e-16
5937.6 3.2739e-16
5939.125 3.1318e-16
5940.65 3.229e-16
5942.175 3.4125e-16
5943.7 3.4599e-16
5945.225 3.5297e-16
5946.75 3.5721e-16
5948.275 3.5465e-16
5949.8 3.6384e-16
5951.325 3.5881e-16
5952.85 3.3502e-16
5954.375 3.4067e-16
5955.9 3.4907e-16
5957.425 3.4822e-16
5958.95 3.681e-16
5960.475 3.6119e-16
5962.0 3.619e-16
5963.525 3.5223e-16
5965.05 3.512e-16
5966.575 3.7549e-16
5968.1 3.7386e-16
5969.625 3.728e-16
5971.15 3.9e-16
5972.675 3.7899e-16
5974.2 3.6429e-16
5975.725 3.8722e-16
5977.25 3.7242e-16
5978.775 3.7343e-16
5980.3 3.9127e-16
5981.825 3.9944e-16
5983.35 3.9712e-16
5984.875 3.8639e-16
5986.4 3.8919e-16
5987.925 3.8232e-16
5989.45 3.8382e-16
5990.975 3.95e-16
5992.5 3.8498e-16
5994.025 3.6802e-16
5995.55 3.7914e-16
5997.075 3.84e-16
5998.6 3.8246e-16
6000.125 3.7079e-16
6001.65 3.8004e-16
6003.175 3.7887e-16
6004.7 3.7046e-16
6006.225 3.812e-16
6007.75 3.7902e-16
6009.275 3.7058e-16
6010.8 3.7011e-16
6012.325 3.8691e-16
6013.85 3.8639e-16
6015.375 3.8053e-16
6016.9 3.8429e-16
6018.425 3.8515e-16
6019.95 3.8484e-16
6021.475 3.8473e-16
6023.0 3.9109e-16
6024.525 3.9674e-16
6026.05 3.8426e-16
6027.575 3.9036e-16
6029.1 3.8861e-16
6030.625 3.846e-16
6032.15 3.7752e-16
6033.675 3.8373e-16
6035.2 3.6936e-16
6036.725 3.707e-16
6038.25 3.879e-16
6039.775 3.8529e-16
6041.3 3.7688e-16
6042.825 3.8567e-16
6044.35 3.7355e-16
6045.875 3.5078e-16
6047.4 3.4198e-16
6048.925 3.3391e-16
6050.45 3.3503e-16
6051.975 3.4193e-16
6053.5 3.3702e-16
6055.025 3.5489e-16
6056.55 3.8893e-16
6058.075 3.8409e-16
6059.6 3.7814e-16
6061.125 3.8414e-16
6062.65 3.877e-16
6064.175 3.9933e-16
6065.7 4.0535e-16
6067.225 3.989e-16
6068.75 3.9406e-16
6070.275 3.8869e-16
6071.8 3.8441e-16
6073.325 3.9037e-16
6074.85 3.82e-16
6076.375 3.8951e-16
6077.9 4.0591e-16
6079.425 3.9635e-16
6080.95 4.0251e-16
6082.475 4.1212e-16
6084.0 4.1075e-16
6085.525 4.0477e-16
6087.05 3.8516e-16
6088.575 3.8281e-16
6090.1 3.8334e-16
6091.625 3.7993e-16
6093.15 3.8705e-16
6094.675 3.9368e-16
6096.2 3.8578e-16
6097.725 3.8459e-16
6099.25 3.8429e-16
6100.775 3.9043e-16
6102.3 3.9164e-16
6103.825 3.8266e-16
6105.35 3.8713e-16
6106.875 3.9684e-16
6108.4 3.9058e-16
6109.925 3.8127e-16
6111.45 3.8558e-16
6112.975 3.879e-16
6114.5 3.8225e-16
6116.025 3.8342e-16
6117.55 3.8436e-16
6119.075 3.8472e-16
6120.6 3.8304e-16
6122.125 3.8623e-16
6123.65 3.8786e-16
6125.175 3.8058e-16
6126.7 3.7642e-16
6128.225 3.6706e-16
6129.75 3.6372e-16
6131.275 3.6737e-16
6132.8 3.7152e-16
6134.325 3.7409e-16
6135.85 3.7369e-16
6137.375 3.7339e-16
6138.9 3.7821e-16
6140.425 3.6807e-16
6141.95 3.7462e-16
6143.475 3.8193e-16
6145.0 3.7231e-16
6146.525 3.6334e-16
6148.05 3.6998e-16
6149.575 3.7882e-16
6151.1 3.6654e-16
6152.625 3.6382e-16
6154.15 3.728e-16
6155.675 3.746e-16
6157.2 3.7231e-16
6158.725 3.5686e-16
6160.25 3.6842e-16
6161.775 3.8336e-16
6163.3 3.7176e-16
6164.825 3.6425e-16
6166.35 3.7136e-16
6167.875 3.6438e-16
6169.4 3.5313e-16
6170.925 3.6075e-16
6172.45 3.6427e-16
6173.975 3.5572e-16
6175.5 3.5176e-16
6177.025 3.605e-16
6178.55 3.636e-16
6180.075 3.6402e-16
6181.6 3.6936e-16
6183.125 3.7222e-16
6184.65 3.6081e-16
6186.175 3.6126e-16
6187.7 3.6649e-16
6189.225 3.7198e-16
6190.75 3.7876e-16
6192.275 3.7601e-16
6193.8 3.6569e-16
6195.325 3.6906e-16
6196.85 3.6165e-16
6198.375 3.3983e-16
6199.9 3.4958e-16
6201.425 3.6326e-16
6202.95 3.7988e-16
6204.475 3.7955e-16
6206.0 3.5453e-16
6207.525 3.6051e-16
6209.05 3.6273e-16
6210.575 3.4569e-16
6212.1 3.3943e-16
6213.625 3.6838e-16
6215.15 3.7946e-16
6216.675 3.6953e-16
6218.2 3.6689e-16
6219.725 3.7063e-16
6221.25 3.8009e-16
6222.775 3.7424e-16
6224.3 3.6956e-16
6225.825 3.5899e-16
6227.35 3.6636e-16
6228.875 3.6644e-16
6230.4 3.7365e-16
6231.925 3.8595e-16
6233.45 3.8016e-16
6234.975 3.7326e-16
6236.5 3.7954e-16
6238.025 3.8062e-16
6239.55 3.7215e-16
6241.075 3.7117e-16
6242.6 3.7717e-16
6244.125 3.7817e-16
6245.65 3.8696e-16
6247.175 3.824e-16
6248.7 3.7782e-16
6250.225 3.8027e-16
6251.75 3.8881e-16
6253.275 3.8251e-16
6254.8 3.7306e-16
6256.325 3.6213e-16
6257.85 3.6086e-16
6259.375 3.7108e-16
6260.9 3.7295e-16
6262.425 3.773e-16
6263.95 3.8189e-16
6265.475 3.8348e-16
6267.0 3.706e-16
6268.525 3.5962e-16
6270.05 3.6613e-16
6271.575 3.739e-16
6273.1 3.8633e-16
6274.625 4.0393e-16
6276.15 3.8775e-16
6277.675 3.7609e-16
6279.2 3.7446e-16
6280.725 3.8006e-16
6282.25 3.9282e-16
6283.775 3.9543e-16
6285.3 3.8271e-16
6286.825 3.8539e-16
6288.35 3.8232e-16
6289.875 3.7407e-16
6291.4 3.87e-16
6292.925 3.9404e-16
6294.45 3.8843e-16
6295.975 3.8883e-16
6297.5 3.8989e-16
6299.025 3.9936e-16
6300.55 3.9449e-16
6302.075 3.81e-16
6303.6 3.7991e-16
6305.125 3.7671e-16
6306.65 3.7881e-16
6308.175 3.8243e-16
6309.7 3.8104e-16
6311.225 3.7603e-16
6312.75 3.7686e-16
6314.275 3.8932e-16
6315.8 3.9222e-16
6317.325 3.8712e-16
6318.85 3.8409e-16
6320.375 3.7676e-16
6321.9 3.854e-16
6323.425 3.9728e-16
6324.95 3.7323e-16
6326.475 3.5829e-16
6328.0 3.7358e-16
6329.525 3.7082e-16
6331.05 3.6716e-16
6332.575 3.8003e-16
6334.1 3.9524e-16
6335.625 3.9926e-16
6337.15 3.8803e-16
6338.675 3.8337e-16
6340.2 3.751e-16
6341.725 3.6517e-16
6343.25 3.709e-16
6344.775 3.6857e-16
6346.3 3.5871e-16
6347.825 3.5893e-16
6349.35 3.553e-16
6350.875 3.5306e-16
6352.4 3.5551e-16
6353.925 3.6213e-16
6355.45 3.6736e-16
6356.975 3.6398e-16
6358.5 3.7264e-16
6360.025 3.7215e-16
6361.55 3.5522e-16
6363.075 3.4352e-16
6364.6 3.3153e-16
6366.125 3.3262e-16
6367.65 3.3554e-16
6369.175 3.2802e-16
6370.7 3.3707e-16
6372.225 3.5124e-16
6373.75 3.5521e-16
6375.275 3.5585e-16
6376.8 3.5189e-16
6378.325 3.4869e-16
6379.85 3.4134e-16
6381.375 3.308e-16
6382.9 3.3359e-16
6384.425 3.4379e-16
6385.95 3.4863e-16
6387.475 3.3265e-16
6389.0 3.2804e-16
6390.525 3.3136e-16
6392.05 3.3304e-16
6393.575 3.4016e-16
6395.1 3.319e-16
6396.625 3.3752e-16
6398.15 3.4683e-16
6399.675 3.3575e-16
6401.2 3.2459e-16
6402.725 3.3251e-16
6404.25 3.3543e-16
6405.775 3.4186e-16
6407.3 3.4265e-16
6408.825 3.3408e-16
6410.35 3.3175e-16
6411.875 3.3615e-16
6413.4 3.3612e-16
6414.925 3.406e-16
6416.45 3.3179e-16
6417.975 3.2223e-16
6419.5 3.3279e-16
6421.025 3.2894e-16
6422.55 3.2725e-16
6424.075 3.4028e-16
6425.6 3.4394e-16
6427.125 3.4249e-16
6428.65 3.3462e-16
6430.175 3.3154e-16
6431.7 3.4627e-16
6433.225 3.5531e-16
6434.75 3.5067e-16
6436.275 3.5878e-16
6437.8 3.5958e-16
6439.325 3.5336e-16
6440.85 3.5442e-16
6442.375 3.4934e-16
6443.9 3.5136e-16
6445.425 3.6084e-16
6446.95 3.5814e-16
6448.475 3.6188e-16
6450.0 3.6606e-16
6451.525 3.6855e-16
6453.05 3.702e-16
6454.575 3.6921e-16
6456.1 3.6078e-16
6457.625 3.7435e-16
6459.15 3.7875e-16
6460.675 3.7441e-16
6462.2 3.6879e-16
6463.725 3.7437e-16
6465.25 3.7868e-16
6466.775 3.6947e-16
6468.3 3.693e-16
6469.825 3.8081e-16
6471.35 3.8833e-16
6472.875 3.8192e-16
6474.4 3.8842e-16
6475.925 3.9322e-16
6477.45 3.8221e-16
6478.975 3.9849e-16
6480.5 3.9513e-16
6482.025 3.8075e-16
6483.55 3.8803e-16
6485.075 3.966e-16
6486.6 3.9728e-16
6488.125 4.0478e-16
6489.65 4.0384e-16
6491.175 4.043e-16
6492.7 4.1935e-16
6494.225 4.0653e-16
6495.75 3.9948e-16
6497.275 4.0221e-16
6498.8 4.0888e-16
6500.325 4.1791e-16
6501.85 4.088e-16
6503.375 3.9936e-16
6504.9 4.0138e-16
6506.425 4.0903e-16
6507.95 4.1136e-16
6509.475 4.157e-16
6511.0 4.1266e-16
6512.525 4.1678e-16
6514.05 4.1757e-16
6515.575 4.0205e-16
6517.1 4.0234e-16
6518.625 4.1748e-16
6520.15 4.1157e-16
6521.675 4.0866e-16
6523.2 4.1104e-16
6524.725 4.2378e-16
6526.25 4.2469e-16
6527.775 4.1396e-16
6529.3 3.9889e-16
6530.825 4.0568e-16
6532.35 4.2329e-16
6533.875 4.224e-16
6535.4 4.2571e-16
6536.925 4.1544e-16
6538.45 4.1287e-16
6539.975 4.1939e-16
6541.5 4.2963e-16
6543.025 4.2843e-16
6544.55 4.3234e-16
6546.075 4.3721e-16
6547.6 4.3063e-16
6549.125 4.4088e-16
6550.65 4.4715e-16
6552.175 4.4902e-16
6553.7 4.483e-16
6555.225 4.5076e-16
6556.75 4.6357e-16
6558.275 4.6817e-16
6559.8 4.5774e-16
6561.325 4.3859e-16
6562.85 4.2235e-16
6564.375 4.4004e-16
6565.9 4.5501e-16
6567.425 4.4194e-16
6568.95 4.1677e-16
6570.475 4.1251e-16
6572.0 4.1384e-16
6573.525 4.0174e-16
6575.05 3.9386e-16
6576.575 3.958e-16
6578.1 3.7905e-16
6579.625 3.7373e-16
6581.15 3.8187e-16
6582.675 3.7257e-16
6584.2 3.7339e-16
6585.725 3.683e-16
6587.25 3.7202e-16
6588.775 3.7104e-16
6590.3 3.5981e-16
6591.825 3.5414e-16
6593.35 3.5165e-16
6594.875 3.4981e-16
6596.4 3.5955e-16
6597.925 3.6689e-16
6599.45 3.6036e-16
6600.975 3.5348e-16
6602.5 3.5486e-16
6604.025 3.5686e-16
6605.55 3.587e-16
6607.075 3.5484e-16
6608.6 3.5398e-16
6610.125 3.4311e-16
6611.65 3.4169e-16
6613.175 3.5915e-16
6614.7 3.6443e-16
6616.225 3.5415e-16
6617.75 3.5566e-16
6619.275 3.6589e-16
6620.8 3.6483e-16
6622.325 3.6663e-16
6623.85 3.5877e-16
6625.375 3.531e-16
6626.9 3.5937e-16
6628.425 3.6858e-16
6629.95 3.7736e-16
6631.475 3.7856e-16
6633.0 3.6547e-16
6634.525 3.6503e-16
6636.05 3.7304e-16
6637.575 3.7856e-16
6639.1 3.9132e-16
6640.625 3.9147e-16
6642.15 3.9048e-16
6643.675 3.9891e-16
6645.2 4.0385e-16
6646.725 3.9819e-16
6648.25 3.9603e-16
6649.775 4.171e-16
6651.3 4.1378e-16
6652.825 4.0844e-16
6654.35 4.2083e-16
6655.875 4.1882e-16
6657.4 4.1321e-16
6658.925 4.1044e-16
6660.45 4.2439e-16
6661.975 4.3121e-16
6663.5 4.2246e-16
6665.025 4.2513e-16
6666.55 4.2003e-16
6668.075 4.1329e-16
6669.6 4.143e-16
6671.125 4.1868e-16
6672.65 4.3282e-16
6674.175 4.3985e-16
6675.7 4.3054e-16
6677.225 4.2236e-16
6678.75 4.283e-16
6680.275 4.3177e-16
6681.8 4.3702e-16
6683.325 4.42e-16
6684.85 4.2874e-16
6686.375 4.3368e-16
6687.9 4.528e-16
6689.425 4.5036e-16
6690.95 4.5867e-16
6692.475 4.6696e-16
6694.0 4.5062e-16
6695.525 4.4493e-16
6697.05 4.4605e-16
6698.575 4.3944e-16
6700.1 4.3693e-16
6701.625 4.4953e-16
6703.15 4.4709e-16
6704.675 4.4262e-16
6706.2 4.4136e-16
6707.725 4.3364e-16
6709.25 4.3129e-16
6710.775 4.3816e-16
6712.3 4.5096e-16
6713.825 4.4678e-16
6715.35 4.3423e-16
6716.875 4.4406e-16
6718.4 4.5696e-16
6719.925 4.4927e-16
6721.45 4.4138e-16
6722.975 4.4216e-16
6724.5 4.4489e-16
6726.025 4.5369e-16
6727.55 4.6805e-16
6729.075 4.5613e-16
6730.6 4.4304e-16
6732.125 4.4781e-16
6733.65 4.4767e-16
6735.175 4.553e-16
6736.7 4.7987e-16
6738.225 4.7154e-16
6739.75 4.5128e-16
6741.275 4.2927e-16
6742.8 4.3212e-16
6744.325 4.2875e-16
6745.85 4.2903e-16
6747.375 4.2855e-16
6748.9 4.1327e-16
6750.425 4.1779e-16
6751.95 4.1469e-16
6753.475 4.1589e-16
6755.0 4.3062e-16
6756.525 4.3536e-16
6758.05 4.273e-16
6759.575 4.2573e-16
6761.1 4.1866e-16
6762.625 4.1913e-16
6764.15 4.1074e-16
6765.675 4.1457e-16
6767.2 4.1681e-16
6768.725 4.1678e-16
6770.25 4.1381e-16
6771.775 4.096e-16
6773.3 4.094e-16
6774.825 4.0227e-16
6776.35 4.0577e-16
6777.875 4.0426e-16
6779.4 4.0288e-16
6780.925 4.0711e-16
6782.45 4.0883e-16
6783.975 4.0553e-16
6785.5 4.1068e-16
6787.025 4.1739e-16
6788.55 4.1523e-16
6790.075 3.9696e-16
6791.6 3.8496e-16
6793.125 3.9509e-16
6794.65 4.0143e-16
6796.175 3.9233e-16
6797.7 3.8757e-16
6799.225 3.811e-16
6800.75 3.8544e-16
6802.275 3.8479e-16
6803.8 3.896e-16
6805.325 3.8405e-16
6806.85 3.8363e-16
6808.375 3.7819e-16
6809.9 3.7075e-16
6811.425 3.8289e-16
6812.95 3.8399e-16
6814.475 3.7893e-16
6816.0 3.687e-16
6817.525 3.7488e-16
6819.05 3.9042e-16
6820.575 3.8502e-16
6822.1 3.8731e-16
6823.625 3.9745e-16
6825.15 3.9927e-16
6826.675 3.799e-16
6828.2 3.6967e-16
6829.725 3.7529e-16
6831.25 3.7865e-16
6832.775 3.862e-16
6834.3 3.7605e-16
6835.825 3.5917e-16
6837.35 3.6907e-16
6838.875 3.7645e-16
6840.4 3.8496e-16
6841.925 3.7401e-16
6843.45 3.5463e-16
6844.975 3.7074e-16
6846.5 3.7618e-16
6848.025 3.6483e-16
6849.55 3.7642e-16
6851.075 3.8207e-16
6852.6 3.6692e-16
6854.125 3.5653e-16
6855.65 3.5039e-16
6857.175 3.5886e-16
6858.7 3.8037e-16
6860.225 3.7113e-16
6861.75 3.6646e-16
6863.275 3.7754e-16
6864.8 3.8468e-16
6866.325 3.8673e-16
6867.85 3.8128e-16
6869.375 3.7142e-16
6870.9 3.6984e-16
6872.425 3.701e-16
6873.95 3.679e-16
6875.475 3.6641e-16
6877.0 3.6214e-16
6878.525 3.5188e-16
6880.05 3.5181e-16
6881.575 3.6308e-16
6883.1 3.6131e-16
6884.625 3.6232e-16
6886.15 3.7253e-16
6887.675 3.6285e-16
6889.2 3.579e-16
6890.725 3.665e-16
6892.25 3.6694e-16
6893.775 3.6248e-16
6895.3 3.5839e-16
6896.825 3.512e-16
6898.35 3.622e-16
6899.875 3.6764e-16
6901.4 3.49e-16
6902.925 3.547e-16
6904.45 3.6148e-16
6905.975 3.5073e-16
6907.5 3.5172e-16
6909.025 3.6102e-16
6910.55 3.6067e-16
6912.075 3.5022e-16
6913.6 3.4046e-16
6915.125 3.3625e-16
6916.65 3.2883e-16
6918.175 3.3394e-16
6919.7 3.5219e-16
6921.225 3.4712e-16
6922.75 3.3476e-16
6924.275 3.3466e-16
6925.8 3.3599e-16
6927.325 3.3717e-16
6928.85 3.4317e-16
6930.375 3.384e-16
6931.9 3.3521e-16
6933.425 3.5114e-16
6934.95 3.5829e-16
6936.475 3.4997e-16
6938.0 3.3014e-16
6939.525 3.2991e-16
6941.05 3.3958e-16
6942.575 3.3919e-16
6944.1 3.2962e-16
6945.625 3.3231e-16
6947.15 3.3692e-16
6948.675 3.3054e-16
6950.2 3.2498e-16
6951.725 3.3178e-16
6953.25 3.3035e-16
6954.775 3.2753e-16
6956.3 3.2008e-16
6957.825 3.2495e-16
6959.35 3.314e-16
6960.875 3.2638e-16
6962.4 3.2779e-16
6963.925 3.297e-16
6965.45 3.1675e-16
6966.975 3.0966e-16
6968.5 3.0754e-16
6970.025 3.1797e-16
6971.55 3.201e-16
6973.075 3.2222e-16
6974.6 3.1988e-16
6976.125 3.1977e-16
6977.65 3.1695e-16
6979.175 3.083e-16
6980.7 3.1249e-16
6982.225 3.1169e-16
6983.75 3.0835e-16
6985.275 3.2065e-16
6986.8 3.2656e-16
6988.325 3.1489e-16
6989.85 3.0333e-16
6991.375 2.9586e-16
6992.9 3.0016e-16
6994.425 3.1938e-16
6995.95 3.2478e-16
6997.475 3.1567e-16
6999.0 3.0952e-16
7000.525 3.0866e-16
7002.05 3.0541e-16
7003.575 3.1196e-16
7005.1 3.1875e-16
7006.625 3.1916e-16
7008.15 3.1284e-16
7009.675 3.0624e-16
7011.2 3.0492e-16
7012.725 3.1074e-16
7014.25 3.1655e-16
7015.775 3.237e-16
7017.3 3.1598e-16
7018.825 3.008e-16
7020.35 2.9857e-16
7021.875 3.1089e-16
7023.4 3.2e-16
7024.925 3.2249e-16
7026.45 3.2347e-16
7027.975 3.1415e-16
7029.5 3.0042e-16
7031.025 2.9326e-16
7032.55 2.9418e-16
7034.075 3.0133e-16
7035.6 3.0902e-16
7037.125 3.1118e-16
7038.65 3.0264e-16
7040.175 2.9879e-16
7041.7 2.9068e-16
7043.225 2.9402e-16
7044.75 3.0062e-16
7046.275 3.0075e-16
7047.8 3.0135e-16
7049.325 2.8863e-16
7050.85 2.837e-16
7052.375 2.8185e-16
7053.9 2.8896e-16
7055.425 3.0544e-16
7056.95 3.0669e-16
7058.475 2.9236e-16
7060.0 2.9422e-16
7061.525 2.978e-16
7063.05 2.8939e-16
7064.575 2.9589e-16
7066.1 3.1196e-16
7067.625 3.165e-16
7069.15 3.1288e-16
7070.675 3.0668e-16
7072.2 3.0028e-16
7073.725 2.951e-16
7075.25 2.8823e-16
7076.775 3.0031e-16
7078.3 3.0709e-16
7079.825 2.9923e-16
7081.35 2.9395e-16
7082.875 2.9597e-16
7084.4 2.9908e-16
7085.925 2.8945e-16
7087.45 2.9019e-16
7088.975 3.0286e-16
7090.5 3.0559e-16
7092.025 2.903e-16
7093.55 2.8262e-16
7095.075 2.9263e-16
7096.6 2.9117e-16
7098.125 2.8722e-16
7099.65 2.8814e-16
7101.175 2.881e-16
7102.7 2.9308e-16
7104.225 2.9614e-16
7105.75 3.0014e-16
7107.275 2.9573e-16
7108.8 2.8807e-16
7110.325 2.9322e-16
7111.85 2.9824e-16
7113.375 2.9991e-16
7114.9 2.8998e-16
7116.425 2.868e-16
7117.95 2.8589e-16
7119.475 2.7958e-16
7121.0 2.8453e-16
7122.525 2.9332e-16
7124.05 2.9415e-16
7125.575 2.8608e-16
7127.1 2.887e-16
7128.625 2.9415e-16
7130.15 2.9069e-16
7131.675 2.9929e-16
7133.2 2.9446e-16
7134.725 2.9287e-16
7136.25 2.8874e-16
7137.775 2.926e-16
7139.3 3.0022e-16
7140.825 2.8797e-16
7142.35 2.9287e-16
7143.875 2.9545e-16
7145.4 2.9918e-16
7146.925 3.0093e-16
7148.45 2.9538e-16
7149.975 2.9684e-16
7151.5 3.0085e-16
7153.025 2.9843e-16
7154.55 2.8375e-16
7156.075 2.9211e-16
7157.6 2.912e-16
7159.125 2.8579e-16
7160.65 2.974e-16
7162.175 3.0593e-16
7163.7 3.008e-16
7165.225 3.0414e-16
7166.75 2.9768e-16
7168.275 3.0028e-16
7169.8 3.0386e-16
7171.325 3.1181e-16
7172.85 3.0993e-16
7174.375 3.0396e-16
7175.9 3.1189e-16
7177.425 3.0628e-16
7178.95 2.9468e-16
7180.475 3.0415e-16
7182.0 3.2439e-16
7183.525 3.2455e-16
7185.05 3.0882e-16
7186.575 3.0938e-16
7188.1 3.034e-16
7189.625 2.9733e-16
7191.15 3.0768e-16
7192.675 3.1761e-16
7194.2 3.2002e-16
7195.725 3.1715e-16
7197.25 3.3019e-16
7198.775 3.1467e-16
7200.3 3.0477e-16
7201.825 3.0777e-16
7203.35 3.1995e-16
7204.875 3.2209e-16
7206.4 3.1245e-16
7207.925 3.103e-16
7209.45 3.0895e-16
7210.975 3.0327e-16
7212.5 3.0402e-16
7214.025 3.0811e-16
7215.55 3.0679e-16
7217.075 3.0846e-16
7218.6 3.042e-16
7220.125 3.1131e-16
7221.65 3.2245e-16
7223.175 3.2066e-16
7224.7 3.2079e-16
7226.225 3.1013e-16
7227.75 3.0765e-16
7229.275 3.0749e-16
7230.8 3.0159e-16
7232.325 2.9214e-16
7233.85 2.9204e-16
7235.375 2.9601e-16
7236.9 2.9602e-16
7238.425 3.0269e-16
7239.95 3.1137e-16
7241.475 3.0423e-16
7243.0 2.9365e-16
7244.525 2.9813e-16
7246.05 2.9914e-16
7247.575 3.0069e-16
7249.1 3.0764e-16
7250.625 2.972e-16
7252.15 2.8566e-16
7253.675 2.9529e-16
7255.2 3.0418e-16
7256.725 2.9893e-16
7258.25 2.9472e-16
7259.775 2.9804e-16
7261.3 2.9924e-16
7262.825 2.9435e-16
7264.35 2.905e-16
7265.875 2.8959e-16
7267.4 2.8996e-16
7268.925 2.9004e-16
7270.45 2.9746e-16
7271.975 3.0898e-16
7273.5 2.9931e-16
7275.025 2.7393e-16
7276.55 2.701e-16
7278.075 2.8865e-16
7279.6 2.8396e-16
7281.125 2.7899e-16
7282.65 2.8516e-16
7284.175 2.8047e-16
7285.7 2.7372e-16
7287.225 2.6522e-16
7288.75 2.7878e-16
7290.275 2.8828e-16
7291.8 2.9128e-16
7293.325 2.952e-16
7294.85 2.9226e-16
7296.375 2.9057e-16
7297.9 2.8068e-16
7299.425 2.8158e-16
7300.95 2.8451e-16
7302.475 2.8595e-16
7304.0 2.9497e-16
7305.525 2.833e-16
7307.05 2.8274e-16
7308.575 2.8974e-16
7310.1 2.9789e-16
7311.625 3.0171e-16
7313.15 3.0639e-16
7314.675 3.0224e-16
7316.2 3.0005e-16
7317.725 2.8941e-16
7319.25 2.7696e-16
7320.775 2.8823e-16
7322.3 2.9781e-16
7323.825 3.0986e-16
7325.35 3.1829e-16
7326.875 3.176e-16
7328.4 3.1117e-16
7329.925 3.074e-16
7331.45 3.1359e-16
7332.975 3.0844e-16
7334.5 3.0175e-16
7336.025 3.0781e-16
7337.55 3.1822e-16
7339.075 3.1315e-16
7340.6 3.0913e-16
7342.125 3.1055e-16
7343.65 3.1006e-16
7345.175 3.2102e-16
7346.7 3.2465e-16
7348.225 3.1396e-16
7349.75 3.0492e-16
7351.275 2.9571e-16
7352.8 2.991e-16
7354.325 3.1677e-16
7355.85 3.1975e-16
7357.375 3.287e-16
7358.9 3.2507e-16
7360.425 3.2321e-16
7361.95 3.2014e-16
7363.475 3.2234e-16
7365.0 3.3322e-16
7366.525 3.2744e-16
7368.05 3.3624e-16
7369.575 3.4302e-16
7371.1 3.3021e-16
7372.625 3.223e-16
7374.15 3.257e-16
7375.675 3.3165e-16
7377.2 3.4027e-16
7378.725 3.3443e-16
7380.25 3.3637e-16
7381.775 3.8328e-16
7383.3 3.8721e-16
7384.825 3.4559e-16
7386.35 3.2927e-16
7387.875 3.263e-16
7389.4 3.3885e-16
7390.925 3.5275e-16
7392.45 3.5173e-16
7393.975 3.473e-16
7395.5 3.5427e-16
7397.025 3.5084e-16
7398.55 3.3925e-16
7400.075 3.3751e-16
7401.6 3.3905e-16
7403.125 3.399e-16
7404.65 3.4029e-16
7406.175 3.3943e-16
7407.7 3.2535e-16
7409.225 3.262e-16
7410.75 3.4328e-16
7412.275 3.4453e-16
7413.8 3.3587e-16
7415.325 3.3274e-16
7416.85 3.4146e-16
7418.375 3.4112e-16
7419.9 3.3806e-16
7421.425 3.3843e-16
7422.95 3.3826e-16
7424.475 3.4197e-16
7426.0 3.4515e-16
7427.525 3.4815e-16
7429.05 3.4514e-16
7430.575 3.594e-16
7432.1 3.6675e-16
7433.625 3.4718e-16
7435.15 3.4263e-16
7436.675 3.5224e-16
7438.2 3.5282e-16
7439.725 3.4601e-16
7441.25 3.4079e-16
7442.775 3.3886e-16
7444.3 3.4016e-16
7445.825 3.3934e-16
7447.35 3.444e-16
7448.875 3.5336e-16
7450.4 3.6252e-16
7451.925 3.6327e-16
7453.45 3.4973e-16
7454.975 3.3896e-16
7456.5 3.4208e-16
7458.025 3.4463e-16
7459.55 3.3994e-16
7461.075 3.4378e-16
7462.6 3.6143e-16
7464.125 3.6016e-16
7465.65 3.4322e-16
7467.175 3.4358e-16
7468.7 3.4679e-16
7470.225 3.5249e-16
7471.75 3.5521e-16
7473.275 3.4701e-16
7474.8 3.453e-16
7476.325 3.5387e-16
7477.85 3.4974e-16
7479.375 3.316e-16
7480.9 3.3146e-16
7482.425 3.3888e-16
7483.95 3.5147e-16
7485.475 3.4566e-16
7487.0 3.3574e-16
7488.525 3.428e-16
7490.05 3.4108e-16
7491.575 3.4581e-16
7493.1 3.6918e-16
7494.625 3.6911e-16
7496.15 3.5535e-16
7497.675 3.47e-16
7499.2 3.413e-16
7500.725 3.4287e-16
7502.25 3.4417e-16
7503.775 3.4506e-16
7505.3 3.4581e-16
7506.825 3.506e-16
7508.35 3.5559e-16
7509.875 3.5275e-16
7511.4 3.3731e-16
7512.925 3.3154e-16
7514.45 3.3926e-16
7515.975 3.4852e-16
7517.5 3.5295e-16
7519.025 3.4515e-16
7520.55 3.4334e-16
7522.075 3.6012e-16
7523.6 3.5601e-16
7525.125 3.4e-16
7526.65 3.4321e-16
7528.175 3.4555e-16
7529.7 3.4983e-16
7531.225 3.4416e-16
7532.75 3.2897e-16
7534.275 3.2801e-16
7535.8 3.3157e-16
7537.325 3.3585e-16
7538.85 3.3223e-16
7540.375 3.2825e-16
7541.9 3.3106e-16
7543.425 3.276e-16
7544.95 3.2174e-16
7546.475 3.2226e-16
7548.0 3.2915e-16
7549.525 3.3209e-16
7551.05 3.3062e-16
7552.575 3.2745e-16
7554.1 3.2582e-16
7555.625 3.3308e-16
7557.15 3.3401e-16
7558.675 3.3041e-16
7560.2 3.2982e-16
7561.725 3.2048e-16
7563.25 3.1805e-16
7564.775 3.2913e-16
7566.3 3.4027e-16
7567.825 3.4096e-16
7569.35 3.3576e-16
7570.875 3.2512e-16
7572.4 3.2875e-16
7573.925 3.3429e-16
7575.45 3.3002e-16
7576.975 3.368e-16
7578.5 3.3018e-16
7580.025 3.2784e-16
7581.55 3.3632e-16
7583.075 3.227e-16
7584.6 3.0987e-16
7586.125 3.1902e-16
7587.65 3.2236e-16
7589.175 3.3449e-16
7590.7 3.5421e-16
7592.225 3.6455e-16
7593.75 3.6081e-16
7595.275 3.6356e-16
7596.8 3.8985e-16
7598.325 4.2001e-16
7599.85 3.8392e-16
7601.375 3.9115e-16
7602.9 4.2116e-16
7604.425 4.1418e-16
7605.95 3.9043e-16
7607.475 3.7294e-16
7609.0 3.5928e-16
7610.525 3.7737e-16
7612.05 3.5836e-16
7613.575 3.2783e-16
7615.1 3.3714e-16
7616.625 3.5739e-16
7618.15 3.6036e-16
7619.675 3.6142e-16
7621.2 3.6246e-16
7622.725 3.5049e-16
7624.25 3.5712e-16
7625.775 3.7284e-16
7627.3 3.5942e-16
7628.825 3.5743e-16
7630.35 3.6753e-16
7631.875 3.5817e-16
7633.4 3.5438e-16
7634.925 3.3719e-16
7636.45 3.4209e-16
7637.975 3.4176e-16
7639.5 3.2045e-16
7641.025 3.523e-16
7642.55 3.4993e-16
7644.075 3.3165e-16
7645.6 3.4386e-16
7647.125 3.4215e-16
7648.65 3.4133e-16
7650.175 3.4975e-16
7651.7 3.4959e-16
7653.225 3.3566e-16
7654.75 3.2381e-16
7656.275 3.228e-16
7657.8 3.1708e-16
7659.325 3.1682e-16
7660.85 3.3002e-16
7662.375 3.3019e-16
7663.9 3.2587e-16
7665.425 3.1452e-16
7666.95 3.1112e-16
7668.475 3.1754e-16
7670.0 3.1633e-16
7671.525 3.1925e-16
7673.05 3.1439e-16
7674.575 3.0793e-16
7676.1 3.0476e-16
7677.625 3.0117e-16
7679.15 3.0865e-16
7680.675 3.1095e-16
7682.2 3.0114e-16
7683.725 2.9801e-16
7685.25 3.0624e-16
7686.775 3.1106e-16
7688.3 3.1651e-16
7689.825 3.1392e-16
7691.35 2.9547e-16
7692.875 2.8748e-16
7694.4 2.9361e-16
7695.925 3.109e-16
7697.45 3.0796e-16
7698.975 2.851e-16
7700.5 2.8253e-16
7702.025 2.8998e-16
7703.55 2.997e-16
7705.075 3.064e-16
7706.6 2.9529e-16
7708.125 2.9438e-16
7709.65 3.0182e-16
7711.175 3.1389e-16
7712.7 3.017e-16
7714.225 2.8816e-16
7715.75 2.9177e-16
7717.275 2.7911e-16
7718.8 2.6626e-16
7720.325 2.7207e-16
7721.85 2.7666e-16
7723.375 2.7283e-16
7724.9 2.721e-16
7726.425 2.8315e-16
7727.95 2.7794e-16
7729.475 2.7012e-16
7731.0 2.6736e-16
7732.525 2.6315e-16
7734.05 2.6627e-16
7735.575 2.701e-16
7737.1 2.7292e-16
7738.625 2.7722e-16
7740.15 2.6661e-16
7741.675 2.5494e-16
7743.2 2.5403e-16
7744.725 2.6595e-16
7746.25 2.6779e-16
7747.775 2.548e-16
7749.3 2.5685e-16
7750.825 2.5785e-16
7752.35 2.4515e-16
7753.875 2.5039e-16
7755.4 2.4519e-16
7756.925 2.4232e-16
7758.45 2.4617e-16
7759.975 2.5209e-16
7761.5 2.5376e-16
7763.025 2.4359e-16
7764.55 2.3997e-16
7766.075 2.3633e-16
7767.6 2.2812e-16
7769.125 2.2515e-16
7770.65 2.2731e-16
7772.175 2.1671e-16
7773.7 2.0696e-16
7775.225 2.0779e-16
7776.75 2.1135e-16
7778.275 2.0608e-16
7779.8 1.9858e-16
7781.325 2.0335e-16
7782.85 2.0989e-16
7784.375 2.0968e-16
7785.9 2.0965e-16
7787.425 2.0452e-16
7788.95 2.0138e-16
7790.475 2.0418e-16
7792.0 2.1265e-16
7793.525 2.0413e-16
7795.05 2.024e-16
7796.575 2.1071e-16
7798.1 2.0832e-16
7799.625 1.9728e-16
7801.15 1.8865e-16
7802.675 1.8507e-16
7804.2 1.9247e-16
7805.725 2.0826e-16
7807.25 2.0768e-16
7808.775 1.9757e-16
7810.3 1.9379e-16
7811.825 1.9587e-16
7813.35 1.9523e-16
7814.875 1.9846e-16
7816.4 2.1306e-16
7817.925 2.1971e-16
7819.45 2.1079e-16
7820.975 2.0742e-16
7822.5 2.1406e-16
7824.025 2.0994e-16
7825.55 2.0771e-16
7827.075 2.0836e-16
7828.6 2.0803e-16
7830.125 2.0393e-16
7831.65 1.9982e-16
7833.175 2.0213e-16
7834.7 2.1248e-16
7836.225 2.1336e-16
7837.75 2.1355e-16
7839.275 2.0923e-16
7840.8 2.1624e-16
7842.325 2.2476e-16
7843.85 2.2507e-16
7845.375 2.2623e-16
7846.9 2.2924e-16
7848.425 2.4964e-16
7849.95 2.4662e-16
7851.475 2.3596e-16
7853.0 2.282e-16
7854.525 2.4136e-16
7856.05 2.5344e-16
7857.575 2.484e-16
7859.1 2.4525e-16
7860.625 2.4689e-16
7862.15 2.5223e-16
7863.675 2.421e-16
7865.2 2.3246e-16
7866.725 2.4343e-16
7868.25 2.4571e-16
7869.775 2.2768e-16
7871.3 2.3939e-16
7872.825 2.6451e-16
7874.35 2.6704e-16
7875.875 2.7062e-16
7877.4 2.7336e-16
7878.925 2.7297e-16
7880.45 2.7768e-16
7881.975 2.6987e-16
7883.5 2.6722e-16
7885.025 2.8062e-16
7886.55 2.829e-16
7888.075 2.7324e-16
7889.6 2.819e-16
7891.125 2.8313e-16
7892.65 2.775e-16
7894.175 2.7376e-16
7895.7 2.769e-16
7897.225 2.779e-16
7898.75 2.7699e-16
7900.275 2.6551e-16
7901.8 2.7453e-16
7903.325 2.8836e-16
7904.85 2.8367e-16
7906.375 2.8396e-16
7907.9 2.9159e-16
7909.425 2.9573e-16
7910.95 2.9439e-16
7912.475 2.9945e-16
7914.0 2.9158e-16
7915.525 2.9356e-16
7917.05 3.1499e-16
7918.575 3.1053e-16
7920.1 2.9977e-16
7921.625 3.1086e-16
7923.15 3.1089e-16
7924.675 3.0507e-16
7926.2 3.0975e-16
7927.725 3.1819e-16
7929.25 3.1427e-16
7930.775 3.0777e-16
7932.3 3.187e-16
7933.825 3.153e-16
7935.35 3.0466e-16
7936.875 3.095e-16
7938.4 3.1639e-16
7939.925 3.2236e-16
7941.45 3.2426e-16
7942.975 3.2371e-16
7944.5 3.2469e-16
7946.025 3.3089e-16
7947.55 3.3257e-16
7949.075 3.2446e-16
7950.6 3.1861e-16
7952.125 3.1463e-16
7953.65 3.2274e-16
7955.175 3.3503e-16
7956.7 3.2432e-16
7958.225 3.2531e-16
7959.75 3.4216e-16
7961.275 3.6042e-16
7962.8 3.5285e-16
7964.325 3.3681e-16
7965.85 3.0924e-16
7967.375 3.072e-16
7968.9 3.2843e-16
7970.425 3.4147e-16
7971.95 3.3026e-16
7973.475 3.221e-16
7975.0 3.2947e-16
7976.525 3.4389e-16
7978.05 3.5097e-16
7979.575 3.4962e-16
7981.1 3.5849e-16
7982.625 3.5544e-16
7984.15 3.3745e-16
7985.675 3.3452e-16
7987.2 3.368e-16
7988.725 3.5985e-16
7990.25 3.7436e-16
7991.775 3.7036e-16
7993.3 3.5927e-16
7994.825 3.6608e-16
7996.35 3.6952e-16
7997.875 3.6451e-16
7999.4 3.5754e-16
8000.925 3.5216e-16
8002.45 3.6011e-16
8003.975 3.6871e-16
8005.5 3.6184e-16
8007.025 3.5134e-16
8008.55 3.6726e-16
8010.075 3.7601e-16
8011.6 3.6622e-16
8013.125 3.6442e-16
8014.65 3.7079e-16
8016.175 3.7625e-16
8017.7 3.7445e-16
8019.225 3.7601e-16
8020.75 3.816e-16
8022.275 3.8516e-16
8023.8 3.9094e-16
8025.325 3.8021e-16
8026.85 3.7032e-16
8028.375 3.75e-16
8029.9 3.8569e-16
8031.425 3.7656e-16
8032.95 3.7076e-16
8034.475 3.7995e-16
8036.0 3.8199e-16
8037.525 3.6662e-16
8039.05 3.7258e-16
8040.575 3.8383e-16
8042.1 3.7115e-16
8043.625 3.6187e-16
8045.15 3.5544e-16
8046.675 3.6048e-16
8048.2 3.8266e-16
8049.725 3.9363e-16
8051.25 3.8797e-16
8052.775 3.815e-16
8054.3 3.7225e-16
8055.825 3.6596e-16
8057.35 3.7311e-16
8058.875 3.9089e-16
8060.4 4.0132e-16
8061.925 3.8748e-16
8063.45 3.796e-16
8064.975 3.7507e-16
8066.5 3.7105e-16
8068.025 3.7069e-16
8069.55 3.6639e-16
8071.075 3.733e-16
8072.6 3.7251e-16
8074.125 3.6896e-16
8075.65 3.7562e-16
8077.175 3.792e-16
8078.7 3.6733e-16
8080.225 3.5264e-16
8081.75 3.5417e-16
8083.275 3.69e-16
8084.8 3.6906e-16
8086.325 3.6582e-16
8087.85 3.5659e-16
8089.375 3.4817e-16
8090.9 3.4867e-16
8092.425 3.6179e-16
8093.95 3.6711e-16
8095.475 3.6933e-16
8097.0 3.5513e-16
8098.525 3.5253e-16
8100.05 3.6219e-16
8101.575 3.4895e-16
8103.1 3.42e-16
8104.625 3.4599e-16
8106.15 3.4307e-16
8107.675 3.4987e-16
8109.2 3.5019e-16
8110.725 3.4327e-16
8112.25 3.4067e-16
8113.775 3.5025e-16
8115.3 3.5091e-16
8116.825 3.5023e-16
8118.35 3.416e-16
8119.875 3.3245e-16
8121.4 3.3946e-16
8122.925 3.3391e-16
8124.45 3.3342e-16
8125.975 3.3386e-16
8127.5 3.3571e-16
8129.025 3.3846e-16
8130.55 3.3709e-16
8132.075 3.3856e-16
8133.6 3.3262e-16
8135.125 3.1949e-16
8136.65 3.243e-16
8138.175 3.264e-16
8139.7 3.1782e-16
8141.225 3.217e-16
8142.75 3.3147e-16
8144.275 3.3459e-16
8145.8 3.195e-16
8147.325 3.2075e-16
8148.85 3.3023e-16
8150.375 3.2715e-16
8151.9 3.2907e-16
8153.425 3.2282e-16
8154.95 3.107e-16
8156.475 3.1296e-16
8158.0 3.2635e-16
8159.525 3.2477e-16
8161.05 3.1652e-16
8162.575 3.2011e-16
8164.1 3.2434e-16
8165.625 3.1917e-16
8167.15 3.1384e-16
8168.675 3.1692e-16
8170.2 3.0851e-16
8171.725 3.0567e-16
8173.25 3.1336e-16
8174.775 3.0302e-16
8176.3 2.899e-16
8177.825 2.9275e-16
8179.35 3.0487e-16
8180.875 3.0691e-16
8182.4 3.1224e-16
8183.925 3.1276e-16
8185.45 3.0823e-16
8186.975 3.0612e-16
8188.5 2.9562e-16
8190.025 2.9202e-16
8191.55 2.9335e-16
8193.075 2.9522e-16
8194.6 3.0098e-16
8196.125 2.9761e-16
8197.65 2.7426e-16
8199.175 2.6432e-16
8200.7 2.7816e-16
8202.225 2.9283e-16
8203.75 2.9001e-16
8205.275 2.8159e-16
8206.8 2.68e-16
8208.325 2.7535e-16
8209.85 2.9765e-16
8211.375 2.9447e-16
8212.9 2.9636e-16
8214.425 2.9199e-16
8215.95 2.8394e-16
8217.475 2.8769e-16
8219.0 2.7952e-16
8220.525 2.9011e-16
8222.05 2.9423e-16
8223.575 2.9889e-16
8225.1 2.9663e-16
8226.625 2.7609e-16
8228.15 2.6985e-16
8229.675 2.7513e-16
8231.2 2.8341e-16
8232.725 2.8172e-16
8234.25 2.7836e-16
8235.775 2.7497e-16
8237.3 2.7616e-16
8238.825 2.8248e-16
8240.35 2.7539e-16
8241.875 2.7224e-16
8243.4 2.8565e-16
8244.925 2.8586e-16
8246.45 2.6766e-16
8247.975 2.6834e-16
8249.5 2.709e-16
8251.025 2.6896e-16
8252.55 2.6593e-16
8254.075 2.7049e-16
8255.6 2.6854e-16
8257.125 2.5998e-16
8258.65 2.557e-16
8260.175 2.6839e-16
8261.7 2.712e-16
8263.225 2.5563e-16
8264.75 2.5183e-16
8266.275 2.5814e-16
8267.8 2.6623e-16
8269.325 2.6351e-16
8270.85 2.626e-16
8272.375 2.5579e-16
8273.9 2.4529e-16
8275.425 2.6311e-16
8276.95 2.727e-16
8278.475 2.5606e-16
8280.0 2.5327e-16
8281.525 2.6378e-16
8283.05 2.7437e-16
8284.575 2.731e-16
8286.1 2.5099e-16
8287.625 2.4623e-16
8289.15 2.5818e-16
8290.675 2.5109e-16
8292.2 2.4532e-16
8293.725 2.5089e-16
8295.25 2.4982e-16
8296.775 2.5403e-16
8298.3 2.4973e-16
8299.825 2.486e-16
8301.35 2.4791e-16
8302.875 2.4347e-16
8304.4 2.6452e-16
8305.925 2.7259e-16
8307.45 2.5476e-16
8308.975 2.4698e-16
8310.5 2.6085e-16
8312.025 2.6545e-16
8313.55 2.6402e-16
8315.075 2.5852e-16
8316.6 2.6153e-16
8318.125 2.5796e-16
8319.65 2.6235e-16
8321.175 2.6747e-16
8322.7 2.5816e-16
8324.225 2.5492e-16
8325.75 2.5288e-16
8327.275 2.554e-16
8328.8 2.5931e-16
8330.325 2.5879e-16
8331.85 2.5649e-16
8333.375 2.5804e-16
8334.9 2.6075e-16
8336.425 2.6477e-16
8337.95 2.5219e-16
8339.475 2.4865e-16
8341.0 2.5897e-16
8342.525 2.5774e-16
8344.05 2.5805e-16
8345.575 2.7094e-16
8347.1 2.7692e-16
8348.625 2.6559e-16
8350.15 2.6232e-16
8351.675 2.6141e-16
8353.2 2.5935e-16
8354.725 2.5967e-16
8356.25 2.6706e-16
8357.775 2.6967e-16
8359.3 2.6864e-16
8360.825 2.6256e-16
8362.35 2.6362e-16
8363.875 2.6892e-16
8365.4 2.636e-16
8366.925 2.6449e-16
8368.45 2.6326e-16
8369.975 2.5522e-16
8371.5 2.524e-16
8373.025 2.6312e-16
8374.55 2.8422e-16
8376.075 2.8251e-16
8377.6 2.7294e-16
8379.125 2.7518e-16
8380.65 2.8262e-16
8382.175 2.7759e-16
8383.7 2.6889e-16
8385.225 2.6652e-16
8386.75 2.638e-16
8388.275 2.6752e-16
8389.8 2.6636e-16
8391.325 2.6728e-16
8392.85 2.6931e-16
8394.375 2.6356e-16
8395.9 2.7671e-16
8397.425 2.9273e-16
8398.95 2.8055e-16
8400.475 2.5829e-16
8402.0 2.5261e-16
8403.525 2.52e-16
8405.05 2.4709e-16
8406.575 2.5742e-16
8408.1 2.658e-16
8409.625 2.6698e-16
8411.15 2.759e-16
8412.675 2.8151e-16
8414.2 2.7566e-16
8415.725 2.654e-16
8417.25 2.6242e-16
8418.775 2.6308e-16
8420.3 2.6295e-16
8421.825 2.6169e-16
8423.35 2.6189e-16
8424.875 2.6854e-16
8426.4 2.7499e-16
8427.925 2.7944e-16
8429.45 2.636e-16
8430.975 2.5176e-16
8432.5 2.529e-16
8434.025 2.4583e-16
8435.55 2.4429e-16
8437.075 2.5286e-16
8438.6 2.5866e-16
8440.125 2.5718e-16
8441.65 2.6078e-16
8443.175 2.651e-16
8444.7 2.6863e-16
8446.225 2.7865e-16
8447.75 2.6192e-16
8449.275 2.5407e-16
8450.8 2.6551e-16
8452.325 2.7044e-16
8453.85 2.6538e-16
8455.375 2.5937e-16
8456.9 2.5193e-16
8458.425 2.5974e-16
8459.95 2.584e-16
8461.475 2.488e-16
8463.0 2.4591e-16
8464.525 2.4745e-16
8466.05 2.4691e-16
8467.575 2.4197e-16
8469.1 2.3967e-16
8470.625 2.3297e-16
8472.15 2.3521e-16
8473.675 2.4513e-16
8475.2 2.4253e-16
8476.725 2.3806e-16
8478.25 2.4041e-16
8479.775 2.4595e-16
8481.3 2.4672e-16
8482.825 2.4084e-16
8484.35 2.3492e-16
8485.875 2.3854e-16
8487.4 2.482e-16
8488.925 2.5421e-16
8490.45 2.5421e-16
8491.975 2.5615e-16
8493.5 2.5478e-16
8495.025 2.3868e-16
8496.55 2.272e-16
8498.075 2.3364e-16
8499.6 2.401e-16
8501.125 2.3711e-16
8502.65 2.2802e-16
8504.175 2.3112e-16
8505.7 2.3143e-16
8507.225 2.2159e-16
8508.75 2.3199e-16
8510.275 2.3463e-16
8511.8 2.2666e-16
8513.325 2.3169e-16
8514.85 2.399e-16
8516.375 2.3754e-16
8517.9 2.4613e-16
8519.425 2.5394e-16
8520.95 2.5269e-16
8522.475 2.4187e-16
8524.0 2.3816e-16
8525.525 2.4475e-16
8527.05 2.3578e-16
8528.575 2.3116e-16
8530.1 2.3674e-16
8531.625 2.362e-16
8533.15 2.3339e-16
8534.675 2.3678e-16
8536.2 2.414e-16
8537.725 2.3805e-16
8539.25 2.3378e-16
8540.775 2.3025e-16
8542.3 2.2992e-16
8543.825 2.4237e-16
8545.35 2.4504e-16
8546.875 2.4681e-16
8548.4 2.3874e-16
8549.925 2.3624e-16
8551.45 2.3863e-16
8552.975 2.217e-16
8554.5 2.3381e-16
8556.025 2.5439e-16
8557.55 2.4794e-16
8559.075 2.5271e-16
8560.6 2.5343e-16
8562.125 2.5117e-16
8563.65 2.4839e-16
8565.175 2.4112e-16
8566.7 2.3775e-16
8568.225 2.4304e-16
8569.75 2.5453e-16
8571.275 2.5637e-16
8572.8 2.5421e-16
8574.325 2.5323e-16
8575.85 2.5535e-16
8577.375 2.5382e-16
8578.9 2.5179e-16
8580.425 2.5828e-16
8581.95 2.5529e-16
8583.475 2.5016e-16
8585.0 2.5546e-16
8586.525 2.5946e-16
8588.05 2.6136e-16
8589.575 2.6201e-16
8591.1 2.5996e-16
8592.625 2.5632e-16
8594.15 2.5446e-16
8595.675 2.6107e-16
8597.2 2.5655e-16
8598.725 2.5508e-16
8600.25 2.6212e-16
8601.775 2.6432e-16
8603.3 2.5644e-16
8604.825 2.5226e-16
8606.35 2.603e-16
8607.875 2.5713e-16
8609.4 2.5589e-16
8610.925 2.6298e-16
8612.45 2.5978e-16
8613.975 2.5391e-16
8615.5 2.6323e-16
8617.025 2.6798e-16
8618.55 2.5554e-16
8620.075 2.5718e-16
8621.6 2.6419e-16
8623.125 2.681e-16
8624.65 2.7348e-16
8626.175 2.7508e-16
8627.7 2.6802e-16
8629.225 2.6354e-16
8630.75 2.6735e-16
8632.275 2.7743e-16
8633.8 2.653e-16
8635.325 2.6355e-16
8636.85 2.6732e-16
8638.375 2.7176e-16
8639.9 2.7111e-16
8641.425 2.8333e-16
8642.95 2.8805e-16
8644.475 2.8359e-16
8646.0 2.7469e-16
8647.525 2.6621e-16
8649.05 2.5891e-16
8650.575 2.8226e-16
8652.1 2.898e-16
8653.625 2.7039e-16
8655.15 2.6682e-16
8656.675 2.8166e-16
8658.2 2.8226e-16
8659.725 2.7204e-16
8661.25 2.8412e-16
8662.775 2.9161e-16
8664.3 2.7849e-16
8665.825 2.7392e-16
8667.35 2.8069e-16
8668.875 2.7842e-16
8670.4 2.7963e-16
8671.925 2.7865e-16
8673.45 2.7997e-16
8674.975 2.749e-16
8676.5 2.7284e-16
8678.025 2.7454e-16
8679.55 2.819e-16
8681.075 2.8614e-16
8682.6 2.7627e-16
8684.125 2.7009e-16
8685.65 2.8032e-16
8687.175 2.8667e-16
8688.7 2.8624e-16
8690.225 2.7513e-16
8691.75 2.7121e-16
8693.275 2.8663e-16
8694.8 2.8064e-16
8696.325 2.7117e-16
8697.85 2.746e-16
8699.375 2.6744e-16
8700.9 2.7304e-16
8702.425 2.845e-16
8703.95 2.7751e-16
8705.475 2.7383e-16
8707.0 2.7893e-16
8708.525 2.735e-16
8710.05 2.7645e-16
8711.575 2.9047e-16
8713.1 2.8667e-16
8714.625 2.7716e-16
8716.15 2.7722e-16
8717.675 2.8225e-16
8719.2 2.9026e-16
8720.725 2.8399e-16
8722.25 2.7528e-16
8723.775 2.8139e-16
8725.3 2.7734e-16
8726.825 2.7181e-16
8728.35 2.6948e-16
8729.875 2.7356e-16
8731.4 2.8306e-16
8732.925 2.7795e-16
8734.45 2.7474e-16
8735.975 2.7879e-16
8737.5 2.8046e-16
8739.025 2.8633e-16
8740.55 2.9179e-16
8742.075 2.8742e-16
8743.6 2.8481e-16
8745.125 2.8092e-16
8746.65 2.8442e-16
8748.175 2.9224e-16
8749.7 2.9556e-16
8751.225 2.8655e-16
8752.75 2.8238e-16
8754.275 2.8615e-16
8755.8 2.8926e-16
8757.325 2.9101e-16
8758.85 2.914e-16
8760.375 2.8523e-16
8761.9 2.7984e-16
8763.425 2.9696e-16
8764.95 3.0515e-16
8766.475 3.0104e-16
8768.0 2.9432e-16
8769.525 2.9158e-16
8771.05 2.8883e-16
8772.575 2.8698e-16
8774.1 3.0364e-16
8775.625 3.0923e-16
8777.15 2.8405e-16
8778.675 2.8994e-16
8780.2 2.8632e-16
8781.725 2.9065e-16
8783.25 2.9539e-16
8784.775 2.9087e-16
8786.3 3.0262e-16
8787.825 3.1352e-16
8789.35 2.954e-16
8790.875 2.8685e-16
8792.4 3.0568e-16
8793.925 3.0059e-16
8795.45 2.8677e-16
8796.975 2.9042e-16
8798.5 2.9044e-16
8800.025 2.9504e-16
8801.55 2.969e-16
8803.075 2.9584e-16
8804.6 3.0235e-16
8806.125 3.0114e-16
8807.65 2.9908e-16
8809.175 2.9734e-16
8810.7 3.0155e-16
8812.225 3.116e-16
8813.75 3.0964e-16
8815.275 3.0064e-16
8816.8 3.0447e-16
8818.325 3.2093e-16
8819.85 3.251e-16
8821.375 3.1351e-16
8822.9 3.2104e-16
8824.425 3.5519e-16
8825.95 3.6859e-16
8827.475 3.3752e-16
8829.0 3.0383e-16
8830.525 3.0378e-16
8832.05 3.1108e-16
8833.575 3.0414e-16
8835.1 3.0195e-16
8836.625 3.1771e-16
8838.15 3.3132e-16
8839.675 3.2263e-16
8841.2 3.1972e-16
8842.725 3.1634e-16
8844.25 3.1452e-16
8845.775 3.0614e-16
8847.3 3.0955e-16
8848.825 3.1449e-16
8850.35 2.986e-16
8851.875 3.0136e-16
8853.4 3.1442e-16
8854.925 3.2015e-16
8856.45 3.1825e-16
8857.975 3.0667e-16
8859.5 3.0994e-16
8861.025 3.2831e-16
8862.55 3.2252e-16
8864.075 3.2543e-16
8865.6 3.1327e-16
8867.125 2.9636e-16
8868.65 2.9794e-16
8870.175 3.0722e-16
8871.7 3.0393e-16
8873.225 2.9677e-16
8874.75 3.0999e-16
8876.275 3.1746e-16
8877.8 3.0462e-16
8879.325 3.0856e-16
8880.85 3.3092e-16
8882.375 3.4105e-16
8883.9 3.2783e-16
8885.425 3.1404e-16
8886.95 3.1074e-16
8888.475 3.0248e-16
8890.0 3.0303e-16
8891.525 3.152e-16
8893.05 3.1498e-16
8894.575 3.1195e-16
8896.1 3.1234e-16
8897.625 3.1499e-16
8899.15 3.2699e-16
8900.675 3.1979e-16
8902.2 3.0923e-16
8903.725 3.0354e-16
8905.25 2.9493e-16
8906.775 2.9376e-16
8908.3 2.8835e-16
8909.825 2.9462e-16
8911.35 3.0834e-16
8912.875 3.1703e-16
8914.4 3.2701e-16
8915.925 3.264e-16
8917.45 3.0985e-16
8918.975 3.0546e-16
8920.5 3.1536e-16
8922.025 2.9709e-16
8923.55 2.8258e-16
8925.075 3.0088e-16
8926.6 3.1409e-16
8928.125 3.1116e-16
8929.65 3.0676e-16
8931.175 3.0895e-16
8932.7 3.0917e-16
8934.225 3.0649e-16
8935.75 3.0623e-16
8937.275 3.1124e-16
8938.8 3.0881e-16
8940.325 2.9603e-16
8941.85 2.8967e-16
8943.375 2.9389e-16
8944.9 2.8929e-16
8946.425 2.9091e-16
8947.95 2.8743e-16
8949.475 2.9171e-16
8951.0 3.1245e-16
8952.525 3.0766e-16
8954.05 3.0637e-16
8955.575 2.9884e-16
8957.1 3.0415e-16
8958.625 3.0065e-16
8960.15 2.8144e-16
8961.675 2.807e-16
8963.2 2.9536e-16
8964.725 2.9955e-16
8966.25 3.0525e-16
8967.775 3.0271e-16
8969.3 2.9783e-16
8970.825 2.9409e-16
8972.35 2.9682e-16
8973.875 2.9161e-16
8975.4 3.0015e-16
8976.925 2.9542e-16
8978.45 2.9196e-16
8979.975 2.9011e-16
8981.5 2.8228e-16
8983.025 2.8321e-16
8984.55 2.8679e-16
8986.075 2.975e-16
8987.6 3.1185e-16
8989.125 3.0521e-16
8990.65 2.7761e-16
8992.175 2.7771e-16
8993.7 2.9318e-16
8995.225 2.8053e-16
8996.75 2.8935e-16
8998.275 3.0334e-16
8999.8 2.967e-16
9001.325 2.9509e-16
9002.85 2.7816e-16
9004.375 2.745e-16
9005.9 2.8638e-16
9007.425 2.8762e-16
9008.95 2.8637e-16
9010.475 2.9288e-16
9012.0 2.9067e-16
9013.525 2.8684e-16
9015.05 2.8158e-16
9016.575 2.84e-16
9018.1 2.8638e-16
9019.625 2.8656e-16
9021.15 2.8589e-16
9022.675 2.8661e-16
9024.2 2.8324e-16
9025.725 2.728e-16
9027.25 2.7297e-16
9028.775 2.8027e-16
9030.3 2.8563e-16
9031.825 2.8716e-16
9033.35 2.899e-16
9034.875 2.8744e-16
9036.4 2.7994e-16
9037.925 2.8578e-16
9039.45 2.839e-16
9040.975 2.6701e-16
9042.5 2.5486e-16
9044.025 2.5427e-16
9045.55 2.6766e-16
9047.075 2.8354e-16
9048.6 2.915e-16
9050.125 2.7242e-16
9051.65 2.5866e-16
9053.175 2.6517e-16
9054.7 2.7411e-16
9056.225 2.7814e-16
9057.75 2.6915e-16
9059.275 2.6081e-16
9060.8 2.5729e-16
9062.325 2.5635e-16
9063.85 2.5966e-16
9065.375 2.5356e-16
9066.9 2.5334e-16
9068.425 2.5049e-16
9069.95 2.5183e-16
9071.475 2.5422e-16
9073.0 2.5248e-16
9074.525 2.5836e-16
9076.05 2.6401e-16
9077.575 2.5848e-16
9079.1 2.5816e-16
9080.625 2.4979e-16
9082.15 2.5466e-16
9083.675 2.6875e-16
9085.2 2.6486e-16
9086.725 2.4138e-16
9088.25 2.4202e-16
9089.775 2.4389e-16
9091.3 2.5105e-16
9092.825 2.6434e-16
9094.35 2.6266e-16
9095.875 2.5503e-16
9097.4 2.4917e-16
9098.925 2.3904e-16
9100.45 2.469e-16
9101.975 2.5981e-16
9103.5 2.4836e-16
9105.025 2.4418e-16
9106.55 2.4332e-16
9108.075 2.4908e-16
9109.6 2.582e-16
9111.125 2.4723e-16
9112.65 2.4298e-16
9114.175 2.5111e-16
9115.7 2.3983e-16
9117.225 2.3391e-16
9118.75 2.4013e-16
9120.275 2.3694e-16
9121.8 2.3192e-16
9123.325 2.2961e-16
9124.85 2.3432e-16
9126.375 2.412e-16
9127.9 2.4278e-16
9129.425 2.4348e-16
9130.95 2.4123e-16
9132.475 2.2183e-16
9134.0 2.0646e-16
9135.525 2.2181e-16
9137.05 2.3585e-16
9138.575 2.3346e-16
9140.1 2.4007e-16
9141.625 2.4285e-16
9143.15 2.2751e-16
9144.675 2.2494e-16
9146.2 2.3741e-16
9147.725 2.3582e-16
9149.25 2.187e-16
9150.775 2.1591e-16
9152.3 2.246e-16
9153.825 2.2476e-16
9155.35 2.2626e-16
9156.875 2.2644e-16
9158.4 2.2136e-16
9159.925 2.179e-16
9161.45 2.1904e-16
9162.975 2.2009e-16
9164.5 2.0728e-16
9166.025 2.1198e-16
9167.55 2.1024e-16
9169.075 2.0488e-16
9170.6 2.173e-16
9172.125 2.2478e-16
9173.65 2.1185e-16
9175.175 2.0761e-16
9176.7 2.0965e-16
9178.225 2.0711e-16
9179.75 2.0623e-16
9181.275 2.1442e-16
9182.8 2.1411e-16
9184.325 2.0841e-16
9185.85 2.2612e-16
9187.375 2.2684e-16
9188.9 2.2342e-16
9190.425 2.3619e-16
9191.95 2.3658e-16
9193.475 2.2687e-16
9195.0 2.3232e-16
9196.525 2.3516e-16
9198.05 2.2624e-16
9199.575 2.2382e-16
9201.1 2.2577e-16
9202.625 2.2235e-16
9204.15 2.1174e-16
9205.675 2.1435e-16
9207.2 2.275e-16
9208.725 2.2498e-16
9210.25 2.3119e-16
9211.775 2.3798e-16
9213.3 2.2797e-16
9214.825 2.2216e-16
9216.35 2.3257e-16
9217.875 2.4298e-16
9219.4 2.3176e-16
9220.925 2.3367e-16
9222.45 2.3392e-16
9223.975 2.248e-16
9225.5 2.309e-16
9227.025 2.32e-16
9228.55 2.3353e-16
9230.075 2.4233e-16
9231.6 2.3608e-16
9233.125 2.2795e-16
9234.65 2.2414e-16
9236.175 2.3024e-16
9237.7 2.3728e-16
9239.225 2.3166e-16
9240.75 2.3326e-16
9242.275 2.4213e-16
9243.8 2.3899e-16
9245.325 2.3323e-16
9246.85 2.3624e-16
9248.375 2.3479e-16
9249.9 2.3646e-16
9251.425 2.4338e-16
9252.95 2.3597e-16
9254.475 2.1893e-16
9256.0 2.122e-16
9257.525 2.2361e-16
9259.05 2.3825e-16
9260.575 2.2957e-16
9262.1 2.1645e-16
9263.625 2.1693e-16
9265.15 2.1607e-16
9266.675 2.1192e-16
9268.2 2.254e-16
9269.725 2.1908e-16
9271.25 2.2003e-16
9272.775 2.317e-16
9274.3 2.3643e-16
9275.825 2.4008e-16
9277.35 2.4369e-16
9278.875 2.3569e-16
9280.4 2.3059e-16
9281.925 2.2673e-16
9283.45 2.244e-16
9284.975 2.2854e-16
9286.5 2.313e-16
9288.025 2.28e-16
9289.55 2.2282e-16
9291.075 2.2257e-16
9292.6 2.2792e-16
9294.125 2.3295e-16
9295.65 2.1834e-16
9297.175 2.0724e-16
9298.7 2.1088e-16
9300.225 2.3378e-16
9301.75 2.3312e-16
9303.275 2.362e-16
9304.8 2.5216e-16
9306.325 2.3184e-16
9307.85 2.2677e-16
9309.375 2.625e-16
9310.9 2.5606e-16
9312.425 2.0631e-16
9313.95 1.9022e-16
9315.475 1.8759e-16
9317.0 1.9651e-16
9318.525 2.4099e-16
9320.05 2.4271e-16
9321.575 2.2789e-16
9323.1 2.4928e-16
9324.625 2.5271e-16
9326.15 2.3035e-16
9327.675 2.1299e-16
9329.2 2.177e-16
9330.725 2.2234e-16
9332.25 2.0867e-16
9333.775 2.1289e-16
9335.3 2.2667e-16
9336.825 2.4484e-16
9338.35 2.55e-16
9339.875 2.6374e-16
9341.4 2.5804e-16
9342.925 2.5106e-16
9344.45 2.6585e-16
9345.975 2.4782e-16
9347.5 2.4532e-16
9349.025 2.4837e-16
9350.55 2.377e-16
9352.075 2.4418e-16
9353.6 2.4893e-16
9355.125 2.5636e-16
9356.65 2.6321e-16
9358.175 2.5231e-16
9359.7 2.4141e-16
9361.225 2.3256e-16
9362.75 2.3679e-16
9364.275 2.5868e-16
9365.8 2.6913e-16
9367.325 2.456e-16
9368.85 2.0448e-16
9370.375 1.9762e-16
9371.9 2.6122e-16
9373.425 2.726e-16
9374.95 2.6518e-16
9376.475 2.632e-16
9378.0 2.5076e-16
9379.525 2.448e-16
9381.05 2.5027e-16
9382.575 2.5531e-16
9384.1 2.4868e-16
9385.625 2.4617e-16
9387.15 2.4901e-16
9388.675 2.4748e-16
9390.2 2.4959e-16
9391.725 2.5286e-16
9393.25 2.6302e-16
9394.775 2.6868e-16
9396.3 2.6865e-16
9397.825 2.4825e-16
9399.35 2.3938e-16
9400.875 2.4912e-16
9402.4 2.3785e-16
9403.925 2.3727e-16
9405.45 2.5191e-16
9406.975 2.6202e-16
9408.5 2.5745e-16
9410.025 2.7411e-16
9411.55 2.7895e-16
9413.075 2.6816e-16
9414.6 2.6484e-16
9416.125 2.4509e-16
9417.65 2.5455e-16
9419.175 2.7169e-16
9420.7 2.6462e-16
9422.225 2.5745e-16
9423.75 2.6226e-16
9425.275 2.7244e-16
9426.8 2.8521e-16
9428.325 2.5914e-16
9429.85 2.4522e-16
9431.375 2.7139e-16
9432.9 2.7783e-16
9434.425 2.5371e-16
9435.95 2.3506e-16
9437.475 2.4708e-16
9439.0 2.5137e-16
9440.525 2.7552e-16
9442.05 2.7405e-16
9443.575 2.4742e-16
9445.1 2.5252e-16
9446.625 2.5618e-16
9448.15 2.6248e-16
9449.675 2.7041e-16
9451.2 2.7836e-16
9452.725 2.8707e-16
9454.25 2.7753e-16
9455.775 2.8044e-16
9457.3 2.7839e-16
9458.825 2.543e-16
9460.35 2.4815e-16
9461.875 2.5707e-16
9463.4 2.6527e-16
9464.925 2.6535e-16
9466.45 2.5876e-16
9467.975 2.5576e-16
9469.5 2.474e-16
9471.025 2.5725e-16
9472.55 2.9613e-16
9474.075 3.0368e-16
9475.6 2.6554e-16
9477.125 2.5893e-16
9478.65 2.2759e-16
9480.175 2.0514e-16
9481.7 2.528e-16
9483.225 2.6735e-16
9484.75 2.53e-16
9486.275 2.4957e-16
9487.8 2.6135e-16
9489.325 2.6134e-16
9490.85 2.6686e-16
9492.375 2.5018e-16
9493.9 2.5488e-16
9495.425 2.6458e-16
9496.95 2.7653e-16
9498.475 2.9418e-16
9500.0 2.7392e-16
9501.525 2.6735e-16
9503.05 2.7141e-16
9504.575 2.5505e-16
9506.1 2.4465e-16
9507.625 2.553e-16
9509.15 2.619e-16
9510.675 2.6681e-16
9512.2 2.7448e-16
9513.725 2.7565e-16
9515.25 2.6713e-16
9516.775 2.5921e-16
9518.3 2.7016e-16
9519.825 2.4623e-16
9521.35 2.2089e-16
9522.875 2.4873e-16
9524.4 2.6616e-16
9525.925 2.6622e-16
9527.45 2.6524e-16
9528.975 2.5936e-16
9530.5 2.6602e-16
9532.025 2.7298e-16
9533.55 2.5481e-16
9535.075 2.5798e-16
9536.6 2.8505e-16
9538.125 2.9273e-16
9539.65 2.7363e-16
9541.175 2.6234e-16
9542.7 2.7753e-16
9544.225 2.6511e-16
9545.75 2.4701e-16
9547.275 2.7267e-16
9548.8 2.833e-16
9550.325 2.7398e-16
9551.85 2.7482e-16
9553.375 2.6169e-16
9554.9 2.4752e-16
9556.425 2.487e-16
9557.95 2.6092e-16
9559.475 2.6717e-16
9561.0 2.5016e-16
9562.525 2.6368e-16
9564.05 2.8155e-16
9565.575 2.6465e-16
9567.1 2.9273e-16
9568.625 3.0139e-16
9570.15 2.659e-16
9571.675 2.5852e-16
9573.2 2.7161e-16
9574.725 2.5792e-16
9576.25 2.3229e-16
9577.775 2.5178e-16
9579.3 2.7914e-16
9580.825 2.7757e-16
9582.35 2.6157e-16
9583.875 2.5473e-16
9585.4 2.579e-16
9586.925 2.6034e-16
9588.45 2.6343e-16
9589.975 2.7115e-16
9591.5 2.4527e-16
9593.025 2.5488e-16
9594.55 2.7466e-16
9596.075 2.5825e-16
9597.6 2.5696e-16
9599.125 2.4912e-16
9600.65 2.3843e-16
9602.175 2.457e-16
9603.7 2.5318e-16
9605.225 2.6758e-16
9606.75 2.6245e-16
9608.275 2.5635e-16
9609.8 2.5584e-16
9611.325 2.437e-16
9612.85 2.4402e-16
9614.375 2.3956e-16
9615.9 2.5473e-16
9617.425 2.64e-16
9618.95 2.4696e-16
9620.475 2.2272e-16
9622.0 2.3462e-16
9623.525 2.5967e-16
9625.05 2.6609e-16
9626.575 2.6007e-16
9628.1 2.484e-16
9629.625 2.4301e-16
9631.15 2.4637e-16
9632.675 2.4858e-16
9634.2 2.5006e-16
9635.725 2.5489e-16
9637.25 2.5872e-16
9638.775 2.6468e-16
9640.3 2.3969e-16
9641.825 2.1111e-16
9643.35 2.224e-16
9644.875 2.3638e-16
9646.4 2.2081e-16
9647.925 2.3312e-16
9649.45 2.5867e-16
9650.975 2.4482e-16
9652.5 2.3047e-16
9654.025 2.3275e-16
9655.55 2.4037e-16
9657.075 2.2008e-16
9658.6 2.2092e-16
9660.125 2.5019e-16
9661.65 2.5164e-16
9663.175 2.4195e-16
9664.7 2.4893e-16
9666.225 2.3722e-16
9667.75 2.2677e-16
9669.275 2.38e-16
9670.8 2.338e-16
9672.325 2.2781e-16
9673.85 2.3259e-16
9675.375 2.2536e-16
9676.9 2.0741e-16
9678.425 2.0822e-16
9679.95 2.125e-16
9681.475 2.1309e-16
9683.0 2.1835e-16
9684.525 2.1801e-16
9686.05 2.2488e-16
9687.575 2.1632e-16
9689.1 2.1029e-16
9690.625 2.2311e-16
9692.15 2.2057e-16
9693.675 2.1329e-16
9695.2 2.2789e-16
9696.725 2.2162e-16
9698.25 2.0839e-16
9699.775 2.1821e-16
9701.3 2.164e-16
9702.825 2.0213e-16
9704.35 2.0231e-16
9705.875 2.2398e-16
9707.4 2.1601e-16
9708.925 2.1335e-16
9710.45 2.3428e-16
9711.975 2.3539e-16
9713.5 2.2161e-16
9715.025 2.2078e-16
9716.55 2.1792e-16
9718.075 2.1166e-16
9719.6 1.9445e-16
9721.125 1.8552e-16
9722.65 1.9144e-16
9724.175 2.0504e-16
9725.7 2.0536e-16
9727.225 1.8293e-16
9728.75 1.7996e-16
9730.275 1.9874e-16
9731.8 2.1351e-16
9733.325 2.0668e-16
9734.85 1.9048e-16
9736.375 2.0905e-16
9737.9 2.2306e-16
9739.425 2.1767e-16
9740.95 2.1571e-16
9742.475 2.1792e-16
9744.0 2.0451e-16
9745.525 2.1349e-16
9747.05 2.247e-16
9748.575 2.3423e-16
9750.1 2.2971e-16
9751.625 2.1017e-16
9753.15 2.0151e-16
9754.675 2.1085e-16
9756.2 2.185e-16
9757.725 2.1831e-16
9759.25 2.0905e-16
9760.775 1.9805e-16
9762.3 2.1174e-16
9763.825 2.1815e-16
9765.35 2.144e-16
9766.875 2.2268e-16
9768.4 2.2055e-16
9769.925 2.1496e-16
9771.45 2.302e-16
9772.975 2.3134e-16
9774.5 2.3069e-16
9776.025 2.2749e-16
9777.55 2.0516e-16
9779.075 2.0205e-16
9780.6 2.1196e-16
9782.125 2.1198e-16
9783.65 2.0581e-16
9785.175 2.3022e-16
9786.7 2.4736e-16
9788.225 2.3838e-16
9789.75 2.3192e-16
9791.275 2.126e-16
9792.8 2.148e-16
9794.325 2.175e-16
9795.85 2.229e-16
9797.375 2.2168e-16
9798.9 2.2043e-16
9800.425 2.0629e-16
9801.95 1.9393e-16
9803.475 2.055e-16
9805.0 2.0277e-16
9806.525 2.0772e-16
9808.05 2.2793e-16
9809.575 2.3094e-16
9811.1 2.2226e-16
9812.625 2.175e-16
9814.15 2.2968e-16
9815.675 2.2105e-16
9817.2 2.2018e-16
9818.725 2.1778e-16
9820.25 2.08e-16
9821.775 2.2199e-16
9823.3 2.2731e-16
9824.825 2.0461e-16
9826.35 1.9021e-16
9827.875 2.0693e-16
9829.4 2.1732e-16
9830.925 2.1019e-16
9832.45 2.0585e-16
9833.975 2.0441e-16
9835.5 2.1431e-16
9837.025 2.2093e-16
9838.55 2.1635e-16
9840.075 2.0168e-16
9841.6 2.0278e-16
9843.125 2.2144e-16
9844.65 2.3822e-16
9846.175 2.3013e-16
9847.7 2.0726e-16
9849.225 2.0978e-16
9850.75 2.0468e-16
9852.275 1.9292e-16
9853.8 2.1593e-16
9855.325 2.3583e-16
9856.85 2.2421e-16
9858.375 2.1368e-16
9859.9 2.0823e-16
9861.425 2.1091e-16
9862.95 2.166e-16
9864.475 2.1438e-16
9866.0 2.1439e-16
9867.525 2.1701e-16
9869.05 2.2116e-16
9870.575 2.1742e-16
9872.1 2.1854e-16
9873.625 2.4131e-16
9875.15 2.3457e-16
9876.675 2.0813e-16
9878.2 2.0944e-16
9879.725 2.1196e-16
9881.25 2.0701e-16
9882.775 2.0791e-16
9884.3 2.1705e-16
9885.825 2.0844e-16
9887.35 2.0016e-16
9888.875 2.1442e-16
9890.4 2.3355e-16
9891.925 2.2582e-16
9893.45 2.2235e-16
9894.975 2.4108e-16
9896.5 2.1775e-16
9898.025 1.9115e-16
9899.55 2.0017e-16
9901.075 2.1188e-16
9902.6 2.1715e-16
9904.125 2.0751e-16
9905.65 1.973e-16
9907.175 2.1157e-16
9908.7 2.3518e-16
9910.225 2.2213e-16
9911.75 2.0374e-16
9913.275 2.1015e-16
9914.8 2.1524e-16
9916.325 1.9355e-16
9917.85 1.7667e-16
9919.375 1.9123e-16
9920.9 2.0374e-16
9922.425 2.0267e-16
9923.95 1.9871e-16
9925.475 1.9106e-16
9927.0 1.9799e-16
9928.525 1.9639e-16
9930.05 1.869e-16
9931.575 1.6788e-16
9933.1 1.7248e-16
9934.625 1.884e-16
9936.15 1.9634e-16
9937.675 1.7756e-16
9939.2 1.8276e-16
9940.725 1.9528e-16
9942.25 1.8315e-16
9943.775 1.8285e-16
9945.3 1.9751e-16
9946.825 1.7747e-16
9948.35 1.8817e-16
9949.875 1.9016e-16
9951.4 1.7881e-16
9952.925 1.8674e-16
9954.45 1.8439e-16
9955.975 1.7455e-16
9957.5 1.8327e-16
9959.025 1.9421e-16
9960.55 2.181e-16
9962.075 2.0137e-16
9963.6 1.6914e-16
9965.125 1.7577e-16
9966.65 1.8044e-16
9968.175 1.6114e-16
9969.7 1.5138e-16
9971.225 1.5582e-16
9972.75 1.7992e-16
9974.275 1.8654e-16
9975.8 1.622e-16
9977.325 1.6348e-16
9978.85 1.7317e-16
9980.375 1.683e-16
9981.9 1.5898e-16
9983.425 1.4922e-16
9984.95 1.5022e-16
9986.475 1.5851e-16
9988.0 1.5964e-16
9989.525 1.6867e-16
9991.05 1.7901e-16
9992.575 1.6458e-16
9994.1 1.4853e-16
9995.625 1.5454e-16
9997.15 1.5523e-16
9998.675 1.4199e-16
10000.2 1.5162e-16
