3772.91788034 1.70364e-17
3775.96589642 5.01219e-18
3779.01391249 3.56789e-18
3782.06192856 1.31856e-17
3785.10994463 -2.056e-17
3788.1579607 -2.30658e-17
3791.20597677 2.24338e-17
3794.25399284 2.32018e-17
3797.30200891 2.15307e-17
3800.35002499 -8.61488e-18
3803.39804106 2.09972e-17
3806.44605713 2.99571e-17
3809.4940732 -1.22139e-17
3812.54208927 2.62138e-17
3815.59010534 7.99232e-18
3818.63812141 5.78096e-18
3821.68613749 -3.25693e-18
3824.73415356 5.12001e-18
3827.78216963 1.90146e-18
3830.8301857 4.29913e-18
3833.87820177 1.32524e-17
3836.92621784 -3.57364e-18
3839.97423391 8.37971e-18
3843.02224998 1.49144e-17
3846.07026606 1.88887e-17
3849.11828213 8.91252e-18
3852.1662982 2.78289e-17
3855.21431427 5.44214e-18
3858.26233034 4.75218e-18
3861.31034641 2.03856e-17
3864.35836248 -6.08886e-19
3867.40637856 -1.17516e-17
3870.45439463 2.74221e-17
3873.5024107 2.05496e-17
3876.55042677 1.64119e-17
3879.59844284 2.79608e-17
3882.64645891 3.27842e-18
3885.69447498 2.87965e-17
3888.74249105 2.28047e-17
3891.79050713 1.64941e-17
3894.8385232 2.94813e-18
3897.88653927 -9.26669e-19
3900.93455534 2.64523e-17
3903.98257141 7.20314e-18
3907.03058748 3.79465e-17
3910.07860355 3.75373e-17
3913.12661963 1.66854e-17
3916.1746357 1.45575e-17
3919.22265177 6.10991e-17
3922.27066784 3.07531e-17
3925.31868391 3.55424e-17
3928.36669998 2.10477e-17
3931.41471605 5.79976e-18
3934.46273212 9.84136e-18
3937.5107482 1.27101e-17
3940.55876427 -4.6819e-18
3943.60678034 2.2425e-17
3946.65479641 1.51474e-17
3949.70281248 1.39371e-18
3952.75082855 3.21345e-17
3955.79884462 2.77136e-17
3958.84686069 1.25177e-18
3961.89487677 5.07711e-18
3964.94289284 1.00876e-17
3967.99090891 2.59833e-17
3971.03892498 -2.49351e-18
3974.08694105 1.09658e-17
3977.13495712 -6.04793e-18
3980.18297319 -2.12151e-18
3983.23098927 1.04957e-17
3986.27900534 1.9653e-17
3989.32702141 3.69374e-17
3992.37503748 1.57556e-17
3995.42305355 7.13762e-18
3998.47106962 -5.71415e-18
4001.51908569 1.72095e-17
4004.56710176 8.35074e-18
4007.61511784 1.7213e-17
4010.66313391 2.4381e-17
4013.71114998 1.08079e-17
4016.75916605 2.00888e-17
4019.80718212 1.88962e-17
4022.85519819 3.16938e-17
4025.90321426 4.20221e-17
4028.95123034 3.33786e-17
4031.99924641 1.54607e-17
4035.04726248 6.97572e-18
4038.09527855 2.37631e-17
4041.14329462 1.42574e-17
4044.19131069 3.15194e-17
4047.23932676 3.0686e-17
4050.28734283 9.64565e-18
4053.33535891 2.19911e-17
4056.38337498 1.26421e-17
4059.43139105 1.17427e-17
4062.47940712 1.33099e-17
4065.52742319 1.72555e-17
4068.57543926 2.21993e-17
4071.62345533 1.75962e-17
4074.67147141 2.156e-17
4077.71948748 1.95344e-17
4080.76750355 3.95919e-18
4083.81551962 1.72111e-17
4086.86353569 2.22001e-17
4089.91155176 1.97079e-17
4092.95956783 1.21153e-17
4096.0075839 1.53462e-17
4099.05559998 1.01162e-17
4102.10361605 4.54216e-19
4105.15163212 2.60513e-17
4108.19964819 1.02435e-17
4111.24766426 1.92879e-17
4114.29568033 1.1656e-17
4117.3436964 1.71778e-17
4120.39171247 6.62626e-18
4123.43972855 5.89607e-18
4126.48774462 1.04048e-19
4129.53576069 1.09286e-17
4132.58377676 2.73972e-17
4135.63179283 4.67856e-18
4138.6798089 2.00349e-17
4141.72782497 1.42461e-17
4144.77584105 2.45104e-18
4147.82385712 1.34273e-17
4150.87187319 2.90689e-17
4153.91988926 4.46729e-18
4156.96790533 1.19706e-17
4160.0159214 2.5519e-17
4163.06393747 3.13075e-17
4166.11195354 2.30259e-17
4169.15996962 -4.95495e-19
4172.20798569 2.02262e-17
4175.25600176 9.28807e-18
4178.30401783 1.61751e-17
4181.3520339 1.53616e-17
4184.40004997 1.02028e-17
4187.44806604 1.58383e-17
4190.49608212 2.74034e-17
4193.54409819 1.26786e-17
4196.59211426 7.9741e-18
4199.64013033 1.90362e-17
4202.6881464 -1.79852e-18
4205.73616247 7.31823e-18
4208.78417854 2.01767e-17
4211.83219461 1.14336e-17
4214.88021069 5.63835e-18
4217.92822676 1.08845e-17
4220.97624283 1.42703e-17
4224.0242589 2.87699e-17
4227.07227497 2.53915e-17
4230.12029104 2.29587e-17
4233.16830711 2.46589e-17
4236.21632318 1.1041e-17
4239.26433926 2.08558e-17
4242.31235533 1.6709e-17
4245.3603714 2.57334e-18
4248.40838747 1.56586e-17
4251.45640354 4.08135e-18
4254.50441961 5.90008e-18
4257.55243568 1.62986e-17
4260.60045176 -6.67707e-18
4263.64846783 5.71238e-18
4266.6964839 1.37015e-17
4269.74449997 2.24221e-17
4272.79251604 1.31088e-17
4275.84053211 2.53624e-17
4278.88854818 7.20806e-18
4281.93656425 1.10413e-17
4284.98458033 2.2061e-17
4288.0325964 1.26721e-17
4291.08061247 4.39995e-18
4294.12862854 1.32117e-17
4297.17664461 1.83602e-17
4300.22466068 4.1172e-18
4303.27267675 1.63947e-17
4306.32069283 2.6196e-17
4309.3687089 2.32425e-17
4312.41672497 1.7396e-17
4315.46474104 1.22409e-17
4318.51275711 2.13893e-17
4321.56077318 2.30421e-17
4324.60878925 1.35796e-17
4327.65680532 1.52241e-17
4330.7048214 2.16024e-17
4333.75283747 1.10768e-17
4336.80085354 2.73e-17
4339.84886961 8.44245e-18
4342.89688568 2.00524e-17
4345.94490175 2.68562e-17
4348.99291782 -2.24533e-18
4352.0409339 1.80755e-17
4355.08894997 -4.20942e-18
4358.13696604 2.00342e-17
4361.18498211 1.16453e-17
4364.23299818 1.69695e-17
4367.28101425 1.65473e-17
4370.32903032 1.8281e-17
4373.37704639 2.12375e-17
4376.42506247 2.11051e-17
4379.47307854 2.29073e-17
4382.52109461 2.77337e-17
4385.56911068 2.09634e-17
4388.61712675 1.88261e-17
4391.66514282 2.16248e-17
4394.71315889 1.36366e-17
4397.76117496 8.55131e-18
4400.80919104 1.79768e-17
4403.85720711 2.09147e-17
4406.90522318 -2.99672e-18
4409.95323925 1.70256e-17
4413.00125532 3.18607e-17
4416.04927139 8.6873e-18
4419.09728746 7.08864e-18
4422.14530354 2.10064e-17
4425.19331961 1.50389e-17
4428.24133568 1.81808e-17
4431.28935175 7.86772e-18
4434.33736782 1.56301e-17
4437.38538389 1.3448e-17
4440.43339996 5.14487e-18
4443.48141603 2.1126e-17
4446.52943211 3.07058e-17
4449.57744818 2.35393e-17
4452.62546425 1.38668e-17
4455.67348032 1.35586e-17
4458.72149639 2.48423e-17
4461.76951246 1.81364e-17
4464.81752853 2.04111e-17
4467.86554461 1.65266e-17
4470.91356068 2.39752e-17
4473.96157675 1.44914e-17
4477.00959282 2.00182e-17
4480.05760889 1.28631e-17
4483.10562496 1.18846e-17
4486.15364103 2.36853e-17
4489.2016571 1.55991e-17
4492.24967318 2.635e-17
4495.29768925 1.24125e-17
4498.34570532 1.38155e-17
4501.39372139 3.27882e-17
4504.44173746 3.14679e-17
4507.48975353 1.20235e-17
4510.5377696 1.31257e-17
4513.58578568 2.13232e-17
4516.63380175 1.07834e-17
4519.68181782 1.33636e-17
4522.72983389 2.01087e-17
4525.77784996 9.32157e-18
4528.82586603 1.85696e-17
4531.8738821 2.04809e-17
4534.92189817 1.50486e-17
4537.96991425 1.58404e-17
4541.01793032 1.01949e-17
4544.06594639 1.18735e-17
4547.11396246 1.62572e-17
4550.16197853 8.60339e-18
4553.2099946 8.44929e-18
4556.25801067 1.45278e-17
4559.30602674 1.72242e-17
4562.35404282 2.18417e-17
4565.40205889 1.23596e-17
4568.45007496 1.08157e-17
4571.49809103 1.74081e-17
4574.5461071 2.19178e-17
4577.59412317 5.3866e-18
4580.64213924 1.29136e-17
4583.69015532 7.80552e-18
4586.73817139 1.94129e-17
4589.78618746 2.2875e-17
4592.83420353 2.32889e-17
4595.8822196 1.96043e-17
4598.93023567 2.31984e-17
4601.97825174 1.59491e-17
4605.02626781 1.55731e-17
4608.07428389 2.98901e-17
4611.12229996 2.25841e-17
4614.17031603 2.22825e-17
4617.2183321 3.17849e-17
4620.26634817 3.36184e-17
4623.31436424 6.7792e-18
4626.36238031 1.46711e-17
4629.41039639 1.85826e-17
4632.45841246 2.24676e-17
4635.50642853 2.60857e-17
4638.5544446 2.27774e-17
4641.60246067 1.71447e-17
4644.65047674 2.12958e-17
4647.69849281 2.37329e-17
4650.74650888 1.81987e-17
4653.79452496 2.89348e-17
4656.84254103 2.85699e-17
4659.8905571 2.69435e-17
4662.93857317 1.74158e-17
4665.98658924 1.73052e-17
4669.03460531 2.39629e-17
4672.08262138 2.8188e-17
4675.13063745 2.66178e-17
4678.17865353 1.85156e-17
4681.2266696 2.28872e-17
4684.27468567 2.50365e-17
4687.32270174 2.19614e-17
4690.37071781 2.48658e-17
4693.41873388 2.86494e-17
4696.46674995 2.20724e-17
4699.51476603 2.32275e-17
4702.5627821 3.31384e-17
4705.61079817 1.99004e-17
4708.65881424 3.21686e-17
4711.70683031 2.63649e-17
4714.75484638 1.96882e-17
4717.80286245 2.49224e-17
4720.85087852 3.86053e-17
4723.8988946 3.34867e-17
4726.94691067 2.7273e-17
4729.99492674 2.89955e-17
4733.04294281 3.36228e-17
4736.09095888 2.31463e-17
4739.13897495 3.06481e-17
4742.18699102 2.85593e-17
4745.2350071 2.68978e-17
4748.28302317 1.84644e-17
4751.33103924 2.25252e-17
4754.37905531 2.76218e-17
4757.42707138 2.72262e-17
4760.47508745 2.13435e-17
4763.52310352 2.28834e-17
4766.57111959 2.95731e-17
4769.61913567 2.57689e-17
4772.66715174 2.6065e-17
4775.71516781 2.73927e-17
4778.76318388 3.08946e-17
4781.81119995 2.93038e-17
4784.85921602 2.67271e-17
4787.90723209 3.23101e-17
4790.95524817 2.13927e-17
4794.00326424 3.23287e-17
4797.05128031 2.89865e-17
4800.09929638 1.25656e-17
4803.14731245 1.78884e-17
4806.19532852 2.51743e-17
4809.24334459 1.97809e-17
4812.29136066 1.75892e-17
4815.33937674 2.82148e-17
4818.38739281 3.23154e-17
4821.43540888 2.35201e-17
4824.48342495 3.08332e-17
4827.53144102 2.13692e-17
4830.57945709 2.67468e-17
4833.62747316 3.04321e-17
4836.67548923 1.72174e-17
4839.72350531 1.20383e-17
4842.77152138 2.51081e-17
4845.81953745 2.49746e-17
4848.86755352 2.15888e-17
4851.91556959 1.99285e-17
4854.96358566 2.12012e-17
4858.01160173 2.1865e-17
4861.05961781 2.29454e-17
4864.10763388 1.35004e-17
4867.15564995 2.05035e-17
4870.20366602 2.97792e-17
4873.25168209 1.98051e-17
4876.29969816 1.37209e-17
4879.34771423 1.95373e-17
4882.3957303 2.08083e-17
4885.44374638 1.79401e-17
4888.49176245 1.21174e-17
4891.53977852 1.52101e-17
4894.58779459 1.69494e-17
4897.63581066 1.71466e-17
4900.68382673 1.59107e-17
4903.7318428 1.5337e-17
4906.77985888 1.98784e-17
4909.82787495 2.44937e-17
4912.87589102 1.60823e-17
4915.92390709 2.33651e-17
4918.97192316 1.66506e-17
4922.01993923 1.68942e-17
4925.0679553 1.46103e-17
4928.11597137 2.5539e-17
4931.16398745 1.68742e-17
4934.21200352 1.10441e-17
4937.26001959 1.85266e-17
4940.30803566 2.025e-17
4943.35605173 1.66945e-17
4946.4040678 1.89326e-17
4949.45208387 1.6842e-17
4952.50009995 1.44664e-17
4955.54811602 3.12487e-17
4958.59613209 3.17727e-17
4961.64414816 1.70075e-17
4964.69216423 1.43565e-17
4967.7401803 1.75918e-17
4970.78819637 1.9654e-17
4973.83621244 1.79817e-17
4976.88422852 1.52493e-17
4979.93224459 2.20393e-17
4982.98026066 2.80253e-17
4986.02827673 2.45564e-17
4989.0762928 2.76134e-17
4992.12430887 2.32031e-17
4995.17232494 1.62569e-17
4998.22034101 1.75708e-17
5001.26835709 1.62974e-17
5004.31637316 1.6441e-17
5007.36438923 2.37e-17
5010.4124053 1.88548e-17
5013.46042137 1.61087e-17
5016.50843744 1.97791e-17
5019.55645351 1.06617e-17
5022.60446959 2.69043e-17
5025.65248566 2.08726e-17
5028.70050173 2.03923e-17
5031.7485178 2.51139e-17
5034.79653387 1.47161e-17
5037.84454994 1.47368e-17
5040.89256601 2.01022e-17
5043.94058208 2.43202e-17
5046.98859816 3.15265e-17
5050.03661423 2.60819e-17
5053.0846303 3.01468e-17
5056.13264637 2.1745e-17
5059.18066244 1.41712e-17
5062.22867851 2.07952e-17
5065.27669458 2.17913e-17
5068.32471066 1.80781e-17
5071.37272673 1.95959e-17
5074.4207428 2.76646e-17
5077.46875887 3.02603e-17
5080.51677494 2.99259e-17
5083.56479101 2.75983e-17
5086.61280708 1.54658e-17
5089.66082315 2.55601e-17
5092.70883923 2.78863e-17
5095.7568553 2.04258e-17
5098.80487137 2.44431e-17
5101.85288744 2.14627e-17
5104.90090351 3.10454e-17
5107.94891958 2.65271e-17
5110.99693565 2.80546e-17
5114.04495173 2.07347e-17
5117.0929678 2.94964e-17
5120.14098387 2.99104e-17
5123.18899994 2.85998e-17
5126.23701601 3.57428e-17
5129.28503208 2.74478e-17
5132.33304815 2.45928e-17
5135.38106422 1.79789e-17
5138.4290803 1.85326e-17
5141.47709637 2.82506e-17
5144.52511244 2.55842e-17
5147.57312851 2.39491e-17
5150.62114458 2.45581e-17
5153.66916065 2.13218e-17
5156.71717672 2.06335e-17
5159.76519279 2.54522e-17
5162.81320887 1.89589e-17
5165.86122494 2.44317e-17
5168.90924101 3.16697e-17
5171.95725708 2.23981e-17
5175.00527315 1.91076e-17
5178.05328922 2.3225e-17
5181.10130529 1.87226e-17
5184.14932137 1.74251e-17
5187.19733744 2.68125e-17
5190.24535351 1.64224e-17
5193.29336958 2.0487e-17
5196.34138565 1.95651e-17
5199.38940172 2.23154e-17
5202.43741779 2.33098e-17
5205.48543386 2.49359e-17
5208.53344994 2.17869e-17
5211.58146601 1.4883e-17
5214.62948208 1.71725e-17
5217.67749815 2.497e-17
5220.72551422 2.2259e-17
5223.77353029 1.77679e-17
5226.82154636 1.96328e-17
5229.86956244 2.55654e-17
5232.91757851 1.91903e-17
5235.96559458 1.95465e-17
5239.01361065 2.63475e-17
5242.06162672 2.69459e-17
5245.10964279 2.05585e-17
5248.15765886 2.27669e-17
5251.20567493 2.47412e-17
5254.25369101 2.10917e-17
5257.30170708 2.04304e-17
5260.34972315 2.2011e-17
5263.39773922 2.46708e-17
5266.44575529 2.12105e-17
5269.49377136 2.0999e-17
5272.54178743 2.68964e-17
5275.5898035 1.90955e-17
5278.63781958 2.16581e-17
5281.68583565 1.80878e-17
5284.73385172 1.5823e-17
5287.78186779 2.09484e-17
5290.82988386 2.29599e-17
5293.87789993 2.34463e-17
5296.925916 2.26841e-17
5299.97393208 2.49655e-17
5303.02194815 2.62568e-17
5306.06996422 2.98009e-17
5309.11798029 2.27557e-17
5312.16599636 2.4381e-17
5315.21401243 2.92361e-17
5318.2620285 2.49157e-17
5321.31004457 2.09784e-17
5324.35806065 2.7779e-17
5327.40607672 2.77234e-17
5330.45409279 2.79739e-17
5333.50210886 2.74274e-17
5336.55012493 2.19701e-17
5339.598141 3.19197e-17
5342.64615707 3.63929e-17
5345.69417315 3.15111e-17
5348.74218922 3.40726e-17
5351.79020529 2.9698e-17
5354.83822136 3.03216e-17
5357.88623743 3.24838e-17
5360.9342535 3.11888e-17
5363.98226957 2.68929e-17
5367.03028564 2.80958e-17
5370.07830172 3.11158e-17
5373.12631779 3.25539e-17
5376.17433386 3.38737e-17
5379.22234993 2.59097e-17
5382.270366 3.12403e-17
5385.31838207 3.26599e-17
5388.36639814 3.37684e-17
5391.41441422 3.39033e-17
5394.46243029 3.19952e-17
5397.51044636 2.8412e-17
5400.55846243 2.82288e-17
5403.6064785 2.86964e-17
5406.65449457 2.68785e-17
5409.70251064 3.29497e-17
5412.75052671 4.12485e-17
5415.79854279 3.09737e-17
5418.84655886 2.80934e-17
5421.89457493 3.19544e-17
5424.942591 3.42917e-17
5427.99060707 3.38064e-17
5431.03862314 3.06493e-17
5434.08663921 3.27423e-17
5437.13465528 4.07671e-17
5440.18267136 3.13544e-17
5443.23068743 2.78796e-17
5446.2787035 3.50269e-17
5449.32671957 3.65942e-17
5452.37473564 3.27581e-17
5455.42275171 3.17204e-17
5458.47076778 3.88007e-17
5461.51878386 2.86809e-17
5464.56679993 3.30264e-17
5467.614816 3.88504e-17
5470.66283207 3.51322e-17
5473.71084814 3.34749e-17
5476.75886421 3.72769e-17
5479.80688028 3.46866e-17
5482.85489635 2.98976e-17
5485.90291243 3.66541e-17
5488.9509285 4.12444e-17
5491.99894457 3.62594e-17
5495.04696064 2.99292e-17
5498.09497671 3.16238e-17
5501.14299278 3.54436e-17
5504.19100885 3.63133e-17
5507.23902493 3.43622e-17
5510.287041 4.04917e-17
5513.33505707 3.94449e-17
5516.38307314 3.87557e-17
5519.43108921 3.24088e-17
5522.47910528 3.36055e-17
5525.52712135 3.67468e-17
5528.57513742 3.364e-17
5531.6231535 3.44559e-17
5534.67116957 3.16608e-17
5537.71918564 3.04444e-17
5540.76720171 3.02986e-17
5543.81521778 2.7992e-17
5546.86323385 3.25899e-17
5549.91124992 3.4133e-17
5552.959266 2.72523e-17
5556.00728207 2.94699e-17
5559.05529814 3.16827e-17
5562.10331421 2.55035e-17
5565.15133028 3.14369e-17
5568.19934635 4.30681e-17
5571.24736242 4.12732e-17
5574.29537849 3.90819e-17
5577.34339457 3.20953e-17
5580.39141064 2.58306e-17
5583.43942671 2.932e-17
5586.48744278 2.51382e-17
5589.53545885 2.7679e-17
5592.58347492 3.26572e-17
5595.63149099 2.9563e-17
5598.67950706 2.58653e-17
5601.72752314 2.92515e-17
5604.77553921 3.35378e-17
5607.82355528 2.61683e-17
5610.87157135 2.76399e-17
5613.91958742 3.10275e-17
5616.96760349 2.57812e-17
5620.01561956 2.7627e-17
5623.06363564 3.26673e-17
5626.11165171 2.85115e-17
5629.15966778 3.08449e-17
5632.20768385 2.66595e-17
5635.25569992 2.72705e-17
5638.30371599 3.47862e-17
5641.35173206 3.72567e-17
5644.39974813 3.5751e-17
5647.44776421 3.50312e-17
5650.49578028 3.50091e-17
5653.54379635 3.26525e-17
5656.59181242 3.39549e-17
5659.63982849 3.12329e-17
5662.68784456 2.80828e-17
5665.73586063 2.98584e-17
5668.78387671 3.25236e-17
5671.83189278 3.43217e-17
5674.87990885 3.2573e-17
5677.92792492 3.10163e-17
5680.97594099 3.54858e-17
5684.02395706 2.85397e-17
5687.07197313 3.5041e-17
5690.1199892 3.88517e-17
5693.16800528 3.21361e-17
5696.21602135 3.10719e-17
5699.26403742 3.27356e-17
5702.31205349 2.83857e-17
5705.36006956 2.66719e-17
5708.40808563 2.57901e-17
5711.4561017 3.0955e-17
5714.50411777 3.3435e-17
5717.55213385 2.97352e-17
5720.60014992 2.96293e-17
5723.64816599 2.86385e-17
5726.69618206 2.20322e-17
5729.74419813 2.83095e-17
5732.7922142 2.69245e-17
5735.84023027 2.94668e-17
5738.88824635 2.88643e-17
5741.93626242 2.10253e-17
5744.98427849 2.40879e-17
5748.03229456 2.11923e-17
5751.08031063 2.43583e-17
5754.1283267 3.20494e-17
5757.17634277 2.97613e-17
5760.22435884 2.74933e-17
5763.27237492 2.71319e-17
5766.32039099 2.36589e-17
5769.36840706 2.72626e-17
5772.41642313 2.80706e-17
5775.4644392 2.96677e-17
5778.51245527 2.25726e-17
5781.56047134 2.41652e-17
5784.60848742 3.19079e-17
5787.65650349 3.32481e-17
5790.70451956 3.13768e-17
5793.75253563 2.9484e-17
5796.8005517 3.79833e-17
5799.84856777 2.82868e-17
5802.89658384 2.66294e-17
5805.94459991 2.78427e-17
5808.99261599 3.065e-17
5812.04063206 3.49919e-17
5815.08864813 3.25904e-17
5818.1366642 3.39315e-17
5821.18468027 3.01025e-17
5824.23269634 2.14453e-17
5827.28071241 2.40104e-17
5830.32872849 3.01679e-17
5833.37674456 2.67552e-17
5836.42476063 2.56857e-17
5839.4727767 3.53018e-17
5842.52079277 2.50429e-17
5845.56880884 2.55928e-17
5848.61682491 2.89907e-17
5851.66484098 2.46307e-17
5854.71285706 2.44043e-17
5857.76087313 2.67862e-17
5860.8088892 1.83358e-17
5863.85690527 1.97619e-17
5866.90492134 2.40307e-17
5869.95293741 2.69944e-17
5873.00095348 2.81301e-17
5876.04896955 2.36048e-17
5879.09698563 2.25754e-17
5882.1450017 2.79037e-17
5885.19301777 2.1891e-17
5888.24103384 2.5436e-17
5891.28904991 2.37575e-17
5894.33706598 1.25382e-17
5897.38508205 1.41935e-17
5900.43309813 1.88449e-17
5903.4811142 1.46382e-17
5906.52913027 2.37815e-17
5909.57714634 1.93791e-17
5912.62516241 1.97922e-17
5915.67317848 1.85065e-17
5918.72119455 1.69527e-17
5921.76921062 1.76175e-17
5924.8172267 1.85259e-17
5927.86524277 1.9551e-17
5930.91325884 1.78423e-17
5933.96127491 1.70512e-17
5937.00929098 2.46861e-17
5940.05730705 1.95473e-17
5943.10532312 1.64494e-17
5946.1533392 2.74387e-17
5949.20135527 2.14216e-17
5952.24937134 1.57405e-17
5955.29738741 1.67621e-17
5958.34540348 2.37991e-17
5961.39341955 2.13305e-17
5964.44143562 1.88575e-17
5967.48945169 2.32371e-17
5970.53746777 2.71225e-17
5973.58548384 2.51464e-17
5976.63349991 2.70689e-17
5979.68151598 2.12512e-17
5982.72953205 2.50188e-17
5985.77754812 2.89444e-17
5988.82556419 2.58654e-17
5991.87358027 2.8791e-17
5994.92159634 2.70364e-17
5997.96961241 2.45744e-17
6001.01762848 2.56601e-17
6004.06564455 2.81495e-17
6007.11366062 2.8802e-17
6010.16167669 3.16294e-17
6013.20969276 3.28185e-17
6016.25770884 2.8651e-17
6019.30572491 3.47958e-17
6022.35374098 3.31983e-17
6025.40175705 3.2951e-17
6028.44977312 3.5055e-17
6031.49778919 3.39498e-17
6034.54580526 3.43711e-17
6037.59382133 3.6106e-17
6040.64183741 3.41858e-17
6043.68985348 2.82056e-17
6046.73786955 3.14034e-17
6049.78588562 3.22655e-17
6052.83390169 2.94009e-17
6055.88191776 3.2811e-17
6058.92993383 3.29327e-17
6061.97794991 3.17179e-17
6065.02596598 3.31875e-17
6068.07398205 3.1806e-17
6071.12199812 3.21982e-17
6074.17001419 3.00436e-17
6077.21803026 2.99551e-17
6080.26604633 3.20208e-17
6083.3140624 3.50565e-17
6086.36207848 3.63116e-17
6089.41009455 3.37141e-17
6092.45811062 3.11474e-17
6095.50612669 3.11147e-17
6098.55414276 3.21261e-17
6101.60215883 3.05609e-17
6104.6501749 3.21218e-17
6107.69819098 3.40576e-17
6110.74620705 3.11587e-17
6113.79422312 3.36252e-17
6116.84223919 3.82319e-17
6119.89025526 3.60219e-17
6122.93827133 3.0803e-17
6125.9862874 3.06581e-17
6129.03430347 3.19452e-17
6132.08231955 2.77259e-17
6135.13033562 2.77812e-17
6138.17835169 3.03671e-17
6141.22636776 3.03169e-17
6144.27438383 2.6996e-17
6147.3223999 3.00854e-17
6150.37041597 3.19422e-17
6153.41843204 3.28005e-17
6156.46644812 2.72164e-17
6159.51446419 3.01237e-17
6162.56248026 3.75343e-17
6165.61049633 2.84046e-17
6168.6585124 2.63947e-17
6171.70652847 2.89287e-17
6174.75454454 2.96767e-17
6177.80256062 2.46671e-17
6180.85057669 2.41607e-17
6183.89859276 2.83509e-17
6186.94660883 2.72849e-17
6189.9946249 2.70347e-17
6193.04264097 3.19803e-17
6196.09065704 2.88457e-17
6199.13867311 2.87211e-17
6202.18668919 2.43782e-17
6205.23470526 1.94049e-17
6208.28272133 2.89181e-17
6211.3307374 3.06904e-17
6214.37875347 2.47991e-17
6217.42676954 2.55348e-17
6220.47478561 2.55159e-17
6223.52280169 2.59522e-17
6226.57081776 2.79441e-17
6229.61883383 2.39955e-17
6232.6668499 2.59549e-17
6235.71486597 2.33546e-17
6238.76288204 2.33429e-17
6241.81089811 2.41172e-17
6244.85891418 2.48245e-17
6247.90693026 2.77571e-17
6250.95494633 2.48322e-17
6254.0029624 2.88278e-17
6257.05097847 2.50523e-17
6260.09899454 2.37915e-17
6263.14701061 2.92592e-17
6266.19502668 2.54641e-17
6269.24304276 2.1167e-17
6272.29105883 2.57796e-17
6275.3390749 2.41213e-17
6278.38709097 1.80081e-17
6281.43510704 2.47394e-17
6284.48312311 3.10838e-17
6287.53113918 2.98833e-17
6290.57915525 2.235e-17
6293.62717133 2.68214e-17
6296.6751874 2.86699e-17
6299.72320347 2.7367e-17
6302.77121954 2.7301e-17
6305.81923561 2.45911e-17
6308.86725168 2.36857e-17
6311.91526775 2.65147e-17
6314.96328382 2.71471e-17
6318.0112999 2.49277e-17
6321.05931597 2.41644e-17
6324.10733204 2.76307e-17
6327.15534811 2.69242e-17
6330.20336418 2.40384e-17
6333.25138025 2.51463e-17
6336.29939632 2.90756e-17
6339.3474124 2.77274e-17
6342.39542847 2.38986e-17
6345.44344454 2.33997e-17
6348.49146061 2.71307e-17
6351.53947668 2.90952e-17
6354.58749275 2.38068e-17
6357.63550882 2.91075e-17
6360.68352489 2.65707e-17
6363.73154097 2.73551e-17
6366.77955704 3.0522e-17
6369.82757311 2.94731e-17
6372.87558918 2.62359e-17
6375.92360525 2.51638e-17
6378.97162132 2.54077e-17
6382.01963739 2.81732e-17
6385.06765347 2.6255e-17
6388.11566954 2.53624e-17
6391.16368561 2.97398e-17
6394.21170168 2.89563e-17
6397.25971775 3.00096e-17
6400.30773382 2.97103e-17
6403.35574989 2.58653e-17
6406.40376596 2.63583e-17
6409.45178204 3.1213e-17
6412.49979811 3.32234e-17
6415.54781418 3.4081e-17
6418.59583025 3.33253e-17
6421.64384632 2.88048e-17
6424.69186239 3.15665e-17
6427.73987846 3.29159e-17
6430.78789454 3.25904e-17
6433.83591061 3.28659e-17
6436.88392668 2.95247e-17
6439.93194275 3.42241e-17
6442.97995882 3.25275e-17
6446.02797489 2.88976e-17
6449.07599096 3.10409e-17
6452.12400703 3.29167e-17
6455.17202311 2.97348e-17
6458.22003918 3.08324e-17
6461.26805525 2.93863e-17
6464.31607132 3.19735e-17
6467.36408739 3.73996e-17
6470.41210346 3.79488e-17
6473.46011953 3.17076e-17
6476.5081356 3.35034e-17
6479.55615168 2.96518e-17
6482.60416775 2.87029e-17
6485.65218382 3.36129e-17
6488.70019989 3.23508e-17
6491.74821596 2.86808e-17
6494.79623203 2.79405e-17
6497.8442481 2.81942e-17
6500.89226418 3.54787e-17
6503.94028025 3.69765e-17
6506.98829632 2.96382e-17
6510.03631239 2.48422e-17
6513.08432846 2.74723e-17
6516.13234453 2.93173e-17
6519.1803606 3.154e-17
6522.22837667 2.89273e-17
6525.27639275 3.09562e-17
6528.32440882 2.91915e-17
6531.37242489 2.83152e-17
6534.42044096 3.04601e-17
6537.46845703 2.37688e-17
6540.5164731 2.86483e-17
6543.56448917 3.21774e-17
6546.61250525 2.74245e-17
6549.66052132 2.81535e-17
6552.70853739 3.32345e-17
6555.75655346 2.87521e-17
6558.80456953 3.01459e-17
6561.8525856 3.22109e-17
6564.90060167 3.56308e-17
6567.94861774 3.32999e-17
6570.99663382 3.18151e-17
6574.04464989 3.37426e-17
6577.09266596 2.75519e-17
6580.14068203 3.02696e-17
6583.1886981 2.9809e-17
6586.23671417 3.37037e-17
6589.28473024 3.42833e-17
6592.33274632 2.94228e-17
6595.38076239 3.33795e-17
6598.42877846 3.84672e-17
6601.47679453 3.12939e-17
6604.5248106 3.31366e-17
6607.57282667 3.47728e-17
6610.62084274 3.3486e-17
6613.66885881 3.15941e-17
6616.71687489 2.87601e-17
6619.76489096 3.6384e-17
6622.81290703 3.53182e-17
6625.8609231 3.51591e-17
6628.90893917 3.73544e-17
6631.95695524 3.76228e-17
6635.00497131 3.58942e-17
6638.05298738 3.53688e-17
6641.10100346 3.44499e-17
6644.14901953 3.80793e-17
6647.1970356 3.64199e-17
6650.24505167 3.95747e-17
6653.29306774 4.15258e-17
6656.34108381 3.60753e-17
6659.38909988 3.87992e-17
6662.43711596 3.45488e-17
6665.48513203 3.40469e-17
6668.5331481 3.47698e-17
6671.58116417 3.30338e-17
6674.62918024 3.4864e-17
6677.67719631 4.13441e-17
6680.72521238 3.68356e-17
6683.77322845 3.80022e-17
6686.82124453 4.04118e-17
6689.8692606 3.53409e-17
6692.91727667 3.21472e-17
6695.96529274 3.55864e-17
6699.01330881 3.53147e-17
6702.06132488 3.42845e-17
6705.10934095 3.77347e-17
6708.15735703 3.81358e-17
6711.2053731 3.73195e-17
6714.25338917 4.16521e-17
6717.30140524 3.98372e-17
6720.34942131 3.96419e-17
6723.39743738 3.6258e-17
6726.44545345 3.4295e-17
6729.49346952 3.85402e-17
6732.5414856 4.02029e-17
6735.58950167 4.3254e-17
6738.63751774 4.03808e-17
6741.68553381 3.51177e-17
6744.73354988 3.75329e-17
6747.78156595 3.6925e-17
6750.82958202 3.43306e-17
6753.87759809 3.87712e-17
6756.92561417 3.74971e-17
6759.97363024 4.08069e-17
6763.02164631 4.30313e-17
6766.06966238 3.90989e-17
6769.11767845 3.59071e-17
6772.16569452 3.25842e-17
6775.21371059 3.4159e-17
6778.26172667 3.64279e-17
6781.30974274 3.89794e-17
6784.35775881 3.83433e-17
6787.40577488 3.45956e-17
6790.45379095 3.18235e-17
6793.50180702 3.9612e-17
6796.54982309 3.30908e-17
6799.59783916 3.46603e-17
6802.64585524 3.71642e-17
6805.69387131 3.81897e-17
6808.74188738 3.69994e-17
6811.78990345 3.61629e-17
6814.83791952 3.48564e-17
6817.88593559 3.26428e-17
6820.93395166 2.85994e-17
6823.98196774 3.10601e-17
6827.02998381 3.77314e-17
6830.07799988 3.16054e-17
6833.12601595 2.63121e-17
6836.17403202 3.09189e-17
6839.22204809 2.97321e-17
6842.27006416 2.9225e-17
6845.31808023 3.01731e-17
6848.36609631 2.975e-17
6851.41411238 3.788e-17
6854.46212845 3.72786e-17
6857.51014452 3.60688e-17
6860.55816059 3.6401e-17
6863.60617666 3.33891e-17
6866.65419273 2.91875e-17
6869.70220881 3.16288e-17
6872.75022488 3.16871e-17
6875.79824095 3.44572e-17
6878.84625702 3.41399e-17
6881.89427309 2.77552e-17
6884.94228916 2.53722e-17
6887.99030523 3.35953e-17
6891.0383213 3.17273e-17
6894.08633738 3.10578e-17
6897.13435345 3.20133e-17
6900.18236952 2.82923e-17
6903.23038559 2.65582e-17
6906.27840166 2.83999e-17
6909.32641773 2.6462e-17
6912.3744338 3.32894e-17
6915.42244987 3.03015e-17
6918.47046595 2.69744e-17
6921.51848202 2.93001e-17
6924.56649809 2.80459e-17
6927.61451416 2.95248e-17
6930.66253023 3.0376e-17
6933.7105463 2.62756e-17
6936.75856237 2.82002e-17
6939.80657845 2.71953e-17
6942.85459452 2.59861e-17
6945.90261059 3.03078e-17
6948.95062666 2.67876e-17
6951.99864273 2.64149e-17
6955.0466588 2.66109e-17
6958.09467487 2.82031e-17
6961.14269094 2.70166e-17
6964.19070702 2.47864e-17
6967.23872309 3.19863e-17
6970.28673916 3.32188e-17
6973.33475523 2.44954e-17
6976.3827713 2.13798e-17
6979.43078737 2.76744e-17
6982.47880344 3.07717e-17
6985.52681952 3.15129e-17
6988.57483559 2.89967e-17
6991.62285166 2.57892e-17
6994.67086773 2.73716e-17
6997.7188838 3.01322e-17
7000.76689987 3.06144e-17
7003.81491594 2.89816e-17
7006.86293201 2.99486e-17
7009.91094809 2.89729e-17
7012.95896416 2.85774e-17
7016.00698023 2.66313e-17
7019.0549963 2.79125e-17
7022.10301237 3.41922e-17
7025.15102844 3.11832e-17
7028.19904451 2.94671e-17
7031.24706059 2.69662e-17
7034.29507666 2.49032e-17
7037.34309273 2.72215e-17
7040.3911088 2.66229e-17
7043.43912487 2.8886e-17
7046.48714094 2.28013e-17
7049.53515701 2.52195e-17
7052.58317308 2.78998e-17
7055.63118916 2.21638e-17
7058.67920523 2.36897e-17
7061.7272213 2.91471e-17
7064.77523737 2.83315e-17
7067.82325344 2.65431e-17
7070.87126951 2.59971e-17
7073.91928558 2.87783e-17
7076.96730165 2.73955e-17
7080.01531773 2.149e-17
7083.0633338 2.97806e-17
7086.11134987 2.54567e-17
7089.15936594 2.57715e-17
7092.20738201 2.9921e-17
7095.25539808 2.3678e-17
7098.30341415 2.11771e-17
7101.35143023 2.76698e-17
7104.3994463 2.61665e-17
7107.44746237 2.11603e-17
7110.49547844 1.83188e-17
7113.54349451 2.0948e-17
7116.59151058 2.48939e-17
7119.63952665 2.46826e-17
7122.68754272 2.57845e-17
7125.7355588 2.69425e-17
7128.78357487 2.43593e-17
7131.83159094 2.32352e-17
7134.87960701 2.80837e-17
7137.92762308 2.51352e-17
7140.97563915 2.64761e-17
7144.02365522 2.35013e-17
7147.0716713 2.33408e-17
7150.11968737 2.67113e-17
7153.16770344 2.62776e-17
7156.21571951 2.54159e-17
7159.26373558 2.38984e-17
7162.31175165 2.74505e-17
7165.35976772 2.89286e-17
7168.40778379 2.83511e-17
7171.45579987 2.33989e-17
7174.50381594 2.52666e-17
7177.55183201 2.63295e-17
7180.59984808 2.88201e-17
7183.64786415 2.99412e-17
7186.69588022 2.47481e-17
7189.74389629 2.95833e-17
7192.79191236 3.04447e-17
7195.83992844 2.58565e-17
7198.88794451 2.51834e-17
7201.93596058 2.92444e-17
7204.98397665 3.03958e-17
7208.03199272 2.98393e-17
7211.08000879 2.74289e-17
7214.12802486 2.7084e-17
7217.17604094 3.07076e-17
7220.22405701 2.72385e-17
7223.27207308 2.45212e-17
7226.32008915 2.97783e-17
7229.36810522 3.18456e-17
7232.41612129 3.34465e-17
7235.46413736 3.16236e-17
7238.51215343 3.03887e-17
7241.56016951 3.1926e-17
7244.60818558 2.71218e-17
7247.65620165 2.60829e-17
7250.70421772 2.40204e-17
7253.75223379 2.57984e-17
7256.80024986 2.92925e-17
7259.84826593 2.79793e-17
7262.89628201 3.27822e-17
7265.94429808 3.72426e-17
7268.99231415 2.33733e-17
7272.04033022 2.16716e-17
7275.08834629 2.58762e-17
7278.13636236 2.45137e-17
7281.18437843 2.41194e-17
7284.2323945 2.47503e-17
7287.28041058 2.7558e-17
7290.32842665 2.79126e-17
7293.37644272 3.11595e-17
7296.42445879 3.48849e-17
7299.47247486 3.20327e-17
7302.52049093 2.89198e-17
7305.568507 2.86832e-17
7308.61652308 2.72012e-17
7311.66453915 2.98923e-17
7314.71255522 3.28985e-17
7317.76057129 2.71554e-17
7320.80858736 2.96786e-17
7323.85660343 3.091e-17
7326.9046195 2.05803e-17
7329.95263557 2.17796e-17
7333.00065165 3.17093e-17
7336.04866772 2.9315e-17
7339.09668379 2.87146e-17
7342.14469986 3.80265e-17
7345.19271593 3.05875e-17
7348.240732 2.8273e-17
7351.28874807 3.35925e-17
7354.33676414 2.78426e-17
7357.38478022 2.68149e-17
7360.43279629 2.95585e-17
7363.48081236 3.00325e-17
7366.52882843 3.07462e-17
7369.5768445 2.98247e-17
7372.62486057 3.16942e-17
7375.67287664 3.16597e-17
7378.72089272 3.14705e-17
7381.76890879 3.35792e-17
7384.81692486 3.28635e-17
7387.86494093 3.2892e-17
7390.912957 3.42464e-17
7393.96097307 2.42108e-17
7397.00898914 3.00813e-17
7400.05700521 2.95074e-17
7403.10502129 3.08292e-17
7406.15303736 3.31237e-17
7409.20105343 3.00446e-17
7412.2490695 3.24995e-17
7415.29708557 3.02961e-17
7418.34510164 3.07946e-17
7421.39311771 3.71787e-17
7424.44113379 3.73438e-17
7427.48914986 3.00962e-17
7430.53716593 2.96197e-17
7433.585182 2.975e-17
7436.63319807 3.32192e-17
7439.68121414 3.43609e-17
7442.72923021 3.65451e-17
7445.77724628 3.82553e-17
7448.82526236 3.36521e-17
7451.87327843 3.78672e-17
7454.9212945 3.58253e-17
7457.96931057 3.0971e-17
7461.01732664 3.80713e-17
7464.06534271 4.06638e-17
7467.11335878 3.89234e-17
7470.16137486 3.5128e-17
7473.20939093 3.14127e-17
7476.257407 2.90276e-17
7479.30542307 3.44079e-17
7482.35343914 2.98241e-17
7485.40145521 2.8641e-17
7488.44947128 3.57769e-17
7491.49748735 3.67818e-17
7494.54550343 3.2302e-17
7497.5935195 3.55996e-17
7500.64153557 3.91245e-17
7503.68955164 3.49451e-17
7506.73756771 3.37665e-17
7509.78558378 3.53364e-17
7512.83359985 3.35224e-17
7515.88161592 3.35264e-17
7518.929632 3.55444e-17
7521.97764807 3.22373e-17
7525.02566414 2.62914e-17
7528.07368021 3.22071e-17
7531.12169628 3.83295e-17
7534.16971235 3.94037e-17
7537.21772842 3.58964e-17
7540.2657445 3.35742e-17
7543.31376057 3.42055e-17
7546.36177664 3.20567e-17
7549.40979271 2.87739e-17
7552.45780878 3.06539e-17
7555.50582485 4.00614e-17
7558.55384092 3.50518e-17
7561.60185699 3.69668e-17
7564.64987307 3.75155e-17
7567.69788914 3.34985e-17
7570.74590521 3.7592e-17
7573.79392128 3.46506e-17
7576.84193735 3.10094e-17
7579.88995342 3.47548e-17
7582.93796949 3.835e-17
7585.98598557 3.52376e-17
7589.03400164 3.89977e-17
7592.08201771 3.6911e-17
7595.13003378 3.77934e-17
7598.17804985 3.22274e-17
7601.22606592 2.91549e-17
7604.27408199 3.37135e-17
7607.32209806 3.09228e-17
7610.37011414 3.17071e-17
7613.41813021 3.21198e-17
7616.46614628 3.03893e-17
7619.51416235 3.07651e-17
7622.56217842 3.06281e-17
7625.61019449 3.2316e-17
7628.65821056 2.84487e-17
7631.70622663 3.39868e-17
7634.75424271 2.91437e-17
7637.80225878 2.55424e-17
7640.85027485 3.36925e-17
7643.89829092 2.85152e-17
7646.94630699 2.96563e-17
7649.99432306 3.73631e-17
7653.04233913 3.84856e-17
7656.09035521 3.2887e-17
7659.13837128 2.99274e-17
7662.18638735 2.70542e-17
7665.23440342 3.29434e-17
7668.28241949 3.95924e-17
7671.33043556 3.7684e-17
7674.37845163 3.12113e-17
7677.4264677 3.30866e-17
7680.47448378 3.30547e-17
7683.52249985 3.21838e-17
7686.57051592 3.23249e-17
7689.61853199 3.0662e-17
7692.66654806 3.39737e-17
7695.71456413 3.27322e-17
7698.7625802 3.18736e-17
7701.81059628 3.26888e-17
7704.85861235 3.34981e-17
7707.90662842 3.28947e-17
7710.95464449 2.93762e-17
7714.00266056 3.03075e-17
7717.05067663 3.51869e-17
7720.0986927 3.38383e-17
7723.14670877 2.8982e-17
7726.19472485 2.42348e-17
7729.24274092 2.28301e-17
7732.29075699 3.46131e-17
7735.33877306 3.18553e-17
7738.38678913 3.51206e-17
7741.4348052 3.62456e-17
7744.48282127 3.22111e-17
7747.53083735 2.66708e-17
7750.57885342 3.00563e-17
7753.62686949 2.78529e-17
7756.67488556 2.83396e-17
7759.72290163 2.75838e-17
7762.7709177 2.57931e-17
7765.81893377 2.97389e-17
7768.86694984 2.46149e-17
7771.91496592 2.3113e-17
7774.96298199 2.2117e-17
7778.01099806 2.255e-17
7781.05901413 2.62911e-17
7784.1070302 2.33665e-17
7787.15504627 1.91114e-17
7790.20306234 1.43302e-17
7793.25107841 1.66607e-17
7796.29909449 2.0272e-17
7799.34711056 1.68824e-17
7802.39512663 1.69673e-17
7805.4431427 1.94018e-17
7808.49115877 2.24029e-17
7811.53917484 2.5058e-17
7814.58719091 2.06939e-17
7817.63520699 1.62662e-17
7820.68322306 2.08266e-17
7823.73123913 2.70324e-17
7826.7792552 2.68158e-17
7829.82727127 2.11396e-17
7832.87528734 2.86127e-17
7835.92330341 2.80446e-17
7838.97131948 2.10671e-17
7842.01933556 2.90196e-17
7845.06735163 3.24065e-17
7848.1153677 2.96082e-17
7851.16338377 2.64852e-17
7854.21139984 2.19338e-17
7857.25941591 1.97039e-17
7860.30743198 2.27594e-17
7863.35544806 2.56331e-17
7866.40346413 2.74507e-17
7869.4514802 2.4525e-17
7872.49949627 2.77045e-17
7875.54751234 2.31849e-17
7878.59552841 2.65952e-17
7881.64354448 3.17062e-17
7884.69156055 3.43447e-17
7887.73957663 3.08482e-17
7890.7875927 2.98511e-17
7893.83560877 3.64634e-17
7896.88362484 3.36008e-17
7899.93164091 3.64071e-17
7902.97965698 4.3034e-17
7906.02767305 3.21289e-17
7909.07568913 2.90396e-17
7912.1237052 3.18907e-17
7915.17172127 2.96437e-17
7918.21973734 2.58688e-17
7921.26775341 3.41493e-17
7924.31576948 3.52139e-17
7927.36378555 3.66374e-17
7930.41180162 3.6226e-17
7933.4598177 3.58178e-17
7936.50783377 3.95815e-17
7939.55584984 3.51815e-17
7942.60386591 3.49653e-17
7945.65188198 4.20208e-17
7948.69989805 3.92745e-17
7951.74791412 3.4382e-17
7954.79593019 3.89139e-17
7957.84394627 3.51061e-17
7960.89196234 3.43436e-17
7963.93997841 3.83221e-17
7966.98799448 4.46609e-17
7970.03601055 4.13857e-17
7973.08402662 3.43679e-17
7976.13204269 4.11173e-17
7979.18005877 4.7897e-17
7982.22807484 4.23442e-17
7985.27609091 3.89248e-17
7988.32410698 4.1215e-17
7991.37212305 4.25768e-17
7994.42013912 4.22294e-17
7997.46815519 3.71649e-17
8000.51617126 3.67514e-17
8003.56418734 4.19167e-17
8006.61220341 4.57674e-17
8009.66021948 4.01044e-17
8012.70823555 3.94055e-17
8015.75625162 4.40686e-17
8018.80426769 4.57881e-17
8021.85228376 4.10095e-17
8024.90029984 3.79383e-17
8027.94831591 4.05164e-17
8030.99633198 3.35475e-17
8034.04434805 3.4427e-17
8037.09236412 3.99765e-17
8040.14038019 4.01351e-17
8043.18839626 3.73864e-17
8046.23641233 3.90583e-17
8049.28442841 3.97856e-17
8052.33244448 3.98782e-17
8055.38046055 3.91771e-17
8058.42847662 3.37823e-17
8061.47649269 3.69633e-17
8064.52450876 3.42966e-17
8067.57252483 3.57609e-17
8070.6205409 3.77316e-17
8073.66855698 3.52624e-17
8076.71657305 3.58453e-17
8079.76458912 3.42675e-17
8082.81260519 3.54591e-17
8085.86062126 3.76409e-17
8088.90863733 3.42113e-17
8091.9566534 3.41811e-17
8095.00466948 3.18511e-17
8098.05268555 3.61824e-17
8101.10070162 3.7456e-17
8104.14871769 3.36292e-17
8107.19673376 3.32282e-17
8110.24474983 3.07969e-17
8113.2927659 2.90678e-17
8116.34078197 3.06616e-17
8119.38879805 3.28397e-17
8122.43681412 3.15661e-17
8125.48483019 3.15962e-17
8128.53284626 3.3607e-17
8131.58086233 3.09996e-17
8134.6288784 2.98916e-17
8137.67689447 3.18697e-17
8140.72491055 3.14205e-17
8143.77292662 3.29843e-17
8146.82094269 3.46421e-17
8149.86895876 2.83142e-17
8152.91697483 2.63042e-17
8155.9649909 2.68931e-17
8159.01300697 2.50571e-17
8162.06102304 2.84861e-17
8165.10903912 2.63268e-17
8168.15705519 2.7363e-17
8171.20507126 2.87216e-17
8174.25308733 2.23974e-17
8177.3011034 2.18445e-17
8180.34911947 2.79882e-17
8183.39713554 2.78033e-17
8186.44515162 2.56267e-17
8189.49316769 2.98106e-17
8192.54118376 3.29565e-17
8195.58919983 2.72785e-17
8198.6372159 3.26659e-17
8201.68523197 3.02763e-17
8204.73324804 2.75e-17
8207.78126411 2.91772e-17
8210.82928019 3.22894e-17
8213.87729626 2.9725e-17
8216.92531233 3.09532e-17
8219.9733284 2.71806e-17
8223.02134447 2.44413e-17
8226.06936054 2.71013e-17
8229.11737661 2.8909e-17
8232.16539268 2.32414e-17
8235.21340876 2.33234e-17
8238.26142483 2.35642e-17
8241.3094409 2.55744e-17
8244.35745697 2.58698e-17
8247.40547304 2.56312e-17
8250.45348911 2.78795e-17
8253.50150518 2.91348e-17
8256.54952126 2.37342e-17
8259.59753733 2.1417e-17
8262.6455534 3.04413e-17
8265.69356947 2.6909e-17
8268.74158554 2.72111e-17
8271.78960161 2.99317e-17
8274.83761768 2.6897e-17
8277.88563375 2.80001e-17
8280.93364983 2.27754e-17
8283.9816659 2.5308e-17
8287.02968197 2.48469e-17
8290.07769804 2.15499e-17
8293.12571411 2.64506e-17
8296.17373018 2.80652e-17
8299.22174625 2.82839e-17
8302.26976233 1.92354e-17
8305.3177784 1.86127e-17
8308.36579447 2.38554e-17
8311.41381054 2.09838e-17
8314.46182661 1.93546e-17
8317.50984268 2.37267e-17
8320.55785875 2.79496e-17
8323.60587482 2.49556e-17
8326.6538909 1.73124e-17
8329.70190697 1.8812e-17
8332.74992304 2.75253e-17
8335.79793911 2.80768e-17
8338.84595518 2.29185e-17
8341.89397125 1.89105e-17
8344.94198732 2.68445e-17
8347.9900034 3.52082e-17
8351.03801947 2.73043e-17
8354.08603554 1.73713e-17
8357.13405161 2.00854e-17
8360.18206768 2.33499e-17
8363.23008375 1.82428e-17
8366.27809982 2.07403e-17
8369.32611589 2.27091e-17
8372.37413197 2.50703e-17
8375.42214804 2.89251e-17
8378.47016411 2.00784e-17
8381.51818018 2.2259e-17
8384.56619625 2.57051e-17
8387.61421232 2.05475e-17
8390.66222839 1.86909e-17
8393.71024446 3.12479e-17
8396.75826054 2.31648e-17
8399.80627661 2.0087e-17
8402.85429268 2.19322e-17
8405.90230875 2.56473e-17
8408.95032482 2.42643e-17
8411.99834089 2.2567e-17
8415.04635696 2.08035e-17
8418.09437304 2.86389e-17
8421.14238911 2.78018e-17
8424.19040518 1.32187e-17
8427.23842125 1.79149e-17
8430.28643732 2.054e-17
8433.33445339 1.3658e-17
8436.38246946 1.15982e-17
8439.43048553 2.03049e-17
8442.47850161 1.948e-17
8445.52651768 1.00948e-17
8448.57453375 1.56105e-17
8451.62254982 1.93986e-17
8454.67056589 2.06388e-17
8457.71858196 2.22947e-17
8460.76659803 1.29237e-17
8463.81461411 2.41775e-17
8466.86263018 1.4361e-17
8469.91064625 6.463e-18
8472.95866232 1.81358e-17
8476.00667839 1.65255e-17
8479.05469446 2.19014e-17
8482.10271053 1.36194e-17
8485.1507266 1.36638e-17
8488.19874268 1.84709e-17
8491.24675875 1.40078e-17
8494.29477482 1.87668e-17
8497.34279089 1.73644e-17
8500.39080696 1.11087e-17
8503.43882303 1.56154e-17
8506.4868391 2.26058e-17
8509.53485518 1.61808e-17
8512.58287125 1.64744e-17
8515.63088732 1.66096e-17
8518.67890339 1.21622e-17
8521.72691946 1.1937e-17
8524.77493553 1.51398e-17
8527.8229516 1.70884e-17
8530.87096767 1.63886e-17
8533.91898375 1.69742e-17
8536.96699982 1.94962e-17
8540.01501589 1.96829e-17
8543.06303196 1.6618e-17
8546.11104803 2.05404e-17
8549.1590641 1.66189e-17
8552.20708017 1.07965e-17
8555.25509624 1.4706e-17
8558.30311232 1.70823e-17
8561.35112839 1.8513e-17
8564.39914446 1.60004e-17
8567.44716053 1.5615e-17
8570.4951766 1.94765e-17
8573.54319267 1.68737e-17
8576.59120874 1.97153e-17
8579.63922482 1.9263e-17
8582.68724089 1.95217e-17
8585.73525696 1.88785e-17
8588.78327303 1.90781e-17
8591.8312891 1.96775e-17
8594.87930517 2.77368e-17
8597.92732124 3.01875e-17
8600.97533731 2.58486e-17
8604.02335339 2.38279e-17
8607.07136946 2.27897e-17
8610.11938553 2.5414e-17
8613.1674016 2.59661e-17
8616.21541767 2.35006e-17
8619.26343374 2.58181e-17
8622.31144981 3.22403e-17
8625.35946589 2.92077e-17
8628.40748196 2.87093e-17
8631.45549803 2.87604e-17
8634.5035141 2.91123e-17
8637.55153017 2.75846e-17
8640.59954624 2.49031e-17
8643.64756231 2.4306e-17
8646.69557838 2.6319e-17
8649.74359446 3.01011e-17
8652.79161053 3.04458e-17
8655.8396266 2.78203e-17
8658.88764267 2.05091e-17
8661.93565874 2.67212e-17
8664.98367481 3.21452e-17
8668.03169088 3.16235e-17
8671.07970695 3.24771e-17
8674.12772303 2.61392e-17
8677.1757391 2.30855e-17
8680.22375517 2.42347e-17
8683.27177124 2.88566e-17
8686.31978731 3.02001e-17
8689.36780338 3.17986e-17
8692.41581945 3.109e-17
8695.46383553 2.88052e-17
8698.5118516 2.66775e-17
8701.55986767 2.54518e-17
8704.60788374 3.04544e-17
8707.65589981 3.29362e-17
8710.70391588 3.0025e-17
8713.75193195 2.81149e-17
8716.79994802 3.51419e-17
8719.8479641 3.50919e-17
8722.89598017 2.95912e-17
8725.94399624 3.46465e-17
8728.99201231 3.85313e-17
8732.04002838 3.71231e-17
8735.08804445 4.10521e-17
8738.13606052 3.41683e-17
8741.1840766 3.53399e-17
8744.23209267 4.27351e-17
8747.28010874 4.05544e-17
8750.32812481 3.88633e-17
8753.37614088 4.163e-17
8756.42415695 4.19898e-17
8759.47217302 4.11212e-17
8762.52018909 4.59285e-17
8765.56820517 4.46865e-17
8768.61622124 6.00335e-17
8771.66423731 5.63676e-17
8774.71225338 3.96682e-17
8777.76026945 4.19025e-17
8780.80828552 5.45461e-17
8783.85630159 5.13366e-17
8786.90431767 4.91911e-17
8789.95233374 5.58636e-17
8793.00034981 5.71547e-17
8796.04836588 5.2656e-17
8799.09638195 5.27562e-17
8802.14439802 5.9525e-17
8805.19241409 5.8317e-17
8808.24043016 5.53262e-17
8811.28844624 5.39161e-17
8814.33646231 5.75621e-17
8817.38447838 6.92066e-17
8820.43249445 6.17519e-17
8823.48051052 5.46521e-17
8826.52852659 5.70709e-17
8829.57654266 7.38232e-17
8832.62455873 5.75425e-17
8835.67257481 5.14349e-17
8838.72059088 6.31859e-17
8841.76860695 7.01253e-17
8844.81662302 6.05747e-17
8847.86463909 6.45127e-17
8850.91265516 5.95904e-17
8853.96067123 6.19418e-17
8857.00868731 6.80827e-17
8860.05670338 6.09187e-17
8863.10471945 5.82623e-17
8866.15273552 6.41319e-17
8869.20075159 6.46602e-17
8872.24876766 6.01627e-17
8875.29678373 6.39686e-17
8878.3447998 8.00651e-17
8881.39281588 6.27131e-17
8884.44083195 6.3252e-17
8887.48884802 7.15768e-17
8890.53686409 6.37203e-17
8893.58488016 6.14975e-17
8896.63289623 7.00304e-17
8899.6809123 6.93383e-17
8902.72892838 6.45592e-17
8905.77694445 6.7413e-17
8908.82496052 6.42666e-17
8911.87297659 7.08695e-17
8914.92099266 6.7206e-17
8917.96900873 6.30286e-17
8921.0170248 6.98991e-17
8924.06504087 7.1179e-17
8927.11305695 6.42916e-17
8930.16107302 6.33932e-17
8933.20908909 6.31393e-17
8936.25710516 5.89949e-17
8939.30512123 5.63666e-17
8942.3531373 6.52792e-17
8945.40115337 5.60469e-17
8948.44916945 5.24783e-17
8951.49718552 5.71488e-17
8954.54520159 5.48362e-17
8957.59321766 5.25137e-17
8960.64123373 5.56691e-17
8963.6892498 5.0808e-17
8966.73726587 4.85307e-17
8969.78528194 5.12026e-17
8972.83329802 4.97296e-17
8975.88131409 5.00075e-17
8978.92933016 4.76571e-17
8981.97734623 4.58106e-17
8985.0253623 4.96327e-17
8988.07337837 4.70089e-17
8991.12139444 4.96832e-17
8994.16941051 4.31725e-17
8997.21742659 4.21962e-17
9000.26544266 4.63679e-17
9003.31345873 4.60749e-17
9006.3614748 4.29176e-17
9009.40949087 4.33862e-17
9012.45750694 4.41223e-17
9015.50552301 4.06595e-17
9018.55353909 4.24035e-17
9021.60155516 4.18188e-17
9024.64957123 4.41168e-17
9027.6975873 4.52309e-17
9030.74560337 4.18457e-17
9033.79361944 4.30788e-17
9036.84163551 4.51229e-17
9039.88965158 4.32481e-17
9042.93766766 4.10764e-17
9045.98568373 4.51812e-17
9049.0336998 4.19333e-17
9052.08171587 4.27494e-17
9055.12973194 3.86893e-17
9058.17774801 3.59981e-17
9061.22576408 3.75945e-17
9064.27378016 3.53126e-17
9067.32179623 3.28783e-17
9070.3698123 3.32142e-17
9073.41782837 3.1617e-17
9076.46584444 3.30286e-17
9079.51386051 3.42467e-17
9082.56187658 2.80517e-17
9085.60989265 2.5087e-17
9088.65790873 2.54648e-17
9091.7059248 2.64177e-17
9094.75394087 2.75723e-17
9097.80195694 2.46764e-17
9100.84997301 2.44219e-17
9103.89798908 2.10147e-17
9106.94600515 1.9328e-17
9109.99402122 2.66665e-17
9113.0420373 2.28614e-17
9116.09005337 1.51794e-17
9119.13806944 1.49344e-17
9122.18608551 1.88193e-17
9125.23410158 1.75817e-17
9128.28211765 1.95893e-17
9131.33013372 1.76703e-17
9134.3781498 1.52246e-17
9137.42616587 1.53258e-17
9140.47418194 1.61949e-17
9143.52219801 1.63668e-17
9146.57021408 1.31308e-17
9149.61823015 1.36821e-17
9152.66624622 1.63037e-17
9155.71426229 1.1354e-17
9158.76227837 1.11384e-17
9161.81029444 1.32214e-17
9164.85831051 1.4793e-17
9167.90632658 1.65873e-17
9170.95434265 1.44647e-17
9174.00235872 1.33039e-17
9177.05037479 1.47225e-17
9180.09839087 2.08733e-17
9183.14640694 1.9694e-17
9186.19442301 1.81353e-17
9189.24243908 2.00285e-17
9192.29045515 1.36704e-17
9195.33847122 1.35232e-17
9198.38648729 1.9811e-17
9201.43450336 1.83083e-17
9204.48251944 2.17834e-17
9207.53053551 2.05435e-17
9210.57855158 2.06998e-17
9213.62656765 1.81497e-17
9216.67458372 1.51227e-17
9219.72259979 1.29547e-17
9222.77061586 1.9059e-17
9225.81863194 2.4152e-17
9228.86664801 2.7571e-17
9231.91466408 2.27616e-17
9234.96268015 2.11941e-17
9238.01069622 2.15674e-17
9241.05871229 2.03658e-17
9244.10672836 2.24838e-17
9247.15474443 2.32479e-17
9250.20276051 1.91366e-17
9253.25077658 1.34724e-17
9256.29879265 1.86138e-17
9259.34680872 2.73465e-17
9262.39482479 2.19543e-17
9265.44284086 2.30674e-17
9268.49085693 2.60217e-17
9271.538873 2.45287e-17
9274.58688908 2.06733e-17
9277.63490515 2.19063e-17
9280.68292122 1.77173e-17
9283.73093729 1.67353e-17
9286.77895336 1.97577e-17
9289.82696943 2.05075e-17
9292.8749855 1.71206e-17
9295.92300158 1.67229e-17
9298.97101765 2.06394e-17
9302.01903372 1.55144e-17
9305.06704979 1.82672e-17
9308.11506586 2.54156e-17
9311.16308193 1.02562e-17
9314.211098 1.35913e-17
9317.25911407 2.01918e-17
9320.30713015 1.61306e-17
9323.35514622 1.10864e-17
9326.40316229 1.89792e-17
9329.45117836 2.2484e-17
9332.49919443 1.5302e-17
9335.5472105 9.36744e-18
9338.59522657 7.59037e-18
9341.64324265 9.3312e-18
9344.69125872 9.30805e-18
9347.73927479 5.80749e-18
9350.78729086 1.28197e-17
9353.83530693 1.56727e-17
9356.883323 7.742e-18
9359.93133907 1.04143e-17
9362.97935514 1.1613e-17
9366.02737122 1.01283e-17
9369.07538729 1.36058e-17
9372.12340336 1.3776e-17
9375.17141943 1.39542e-17
9378.2194355 1.26537e-18
9381.26745157 -1.11786e-17
9384.31546764 3.08892e-18
9387.36348372 7.50937e-18
9390.41149979 1.60725e-17
9393.45951586 1.43803e-17
9396.50753193 1.36663e-17
9399.555548 1.35332e-17
9402.60356407 1.35492e-17
9405.65158014 1.58109e-17
9408.69959621 1.41097e-17
9411.74761229 1.219e-17
9414.79562836 2.03785e-17
9417.84364443 2.46912e-17
9420.8916605 2.09565e-17
9423.93967657 1.57894e-17
9426.98769264 1.67832e-17
9430.03570871 1.3686e-17
9433.08372478 2.16939e-17
9436.13174086 2.0665e-17
9439.17975693 1.90054e-17
9442.227773 2.09525e-17
9445.27578907 1.75945e-17
9448.32380514 1.15285e-17
9451.37182121 9.41451e-18
9454.41983728 1.05017e-17
9457.46785336 1.20841e-17
9460.51586943 9.83608e-18
9463.5638855 4.86956e-18
9466.61190157 7.24616e-18
9469.65991764 5.14645e-18
9472.70793371 1.25289e-17
9475.75594978 1.4759e-17
9478.80396585 1.07133e-17
9481.85198193 1.04419e-17
9484.899998 9.77721e-18
9487.94801407 1.18511e-17
9490.99603014 1.32191e-17
9494.04404621 1.32119e-17
9497.09206228 1.43245e-17
9500.14007835 1.10268e-17
9503.18809443 1.66236e-17
9506.2361105 1.81337e-17
9509.28412657 2.37682e-17
9512.33214264 2.03311e-17
9515.38015871 8.36462e-18
9518.42817478 9.25969e-18
9521.47619085 1.19906e-17
9524.52420692 1.09574e-17
9527.572223 1.43741e-17
9530.62023907 1.45969e-17
9533.66825514 1.17302e-17
9536.71627121 1.04157e-17
9539.76428728 1.16026e-17
9542.81230335 1.40238e-17
9545.86031942 1.11011e-17
9548.90833549 1.38944e-17
9551.95635157 1.47787e-17
9555.00436764 1.15063e-17
9558.05238371 1.17205e-17
9561.10039978 1.70621e-17
9564.14841585 1.32048e-17
9567.19643192 1.11164e-17
9570.24444799 1.8201e-17
9573.29246407 1.27939e-17
9576.34048014 2.27735e-18
9579.38849621 8.1372e-18
9582.43651228 1.27447e-17
9585.48452835 1.04965e-17
9588.53254442 1.01852e-17
9591.58056049 1.39382e-17
9594.62857656 1.47343e-17
9597.67659264 1.41229e-17
9600.72460871 1.30896e-17
9603.77262478 1.09558e-17
9606.82064085 1.79588e-17
9609.86865692 1.28692e-17
9612.91667299 8.17465e-18
9615.96468906 1.22773e-17
9619.01270514 1.19217e-17
9622.06072121 1.23631e-17
9625.10873728 1.41305e-17
9628.15675335 1.57775e-17
9631.20476942 1.66827e-17
9634.25278549 1.19105e-17
9637.30080156 5.25401e-18
9640.34881763 6.5125e-18
9643.39683371 8.89069e-18
9646.44484978 1.31647e-17
9649.49286585 1.52152e-17
9652.54088192 1.16743e-17
9655.58889799 1.14402e-17
9658.63691406 1.20704e-17
9661.68493013 1.24086e-17
9664.73294621 9.91015e-18
9667.78096228 9.4521e-18
9670.82897835 1.33763e-17
9673.87699442 1.24115e-17
9676.92501049 9.12648e-18
9679.97302656 7.47847e-18
9683.02104263 1.14407e-17
9686.0690587 1.53198e-17
9689.11707478 1.44693e-17
9692.16509085 1.01583e-17
