# DICHROIC = D55
# HA = -04:16:07.5
# ANGLE = 27 deg 17 min
# OBSERVER = Lin Yan  Kevin Burdge
# OBSLST = 02:52:53.9
# CDELT1 = 1.53482477566
# OBJECT = ZTF18achcpwu
# CASSPA = -100.00
# PARALLAC = 263.40
# HOURANG = E04:16:07.5
# CCDTEMP = 161.69
# LAMPS = 0000000
# RA = 07:07:12.54
# GRATING = 600/4000
# APERTURE = 2.0
# TELFOCUS = 44.00 mm
# AIRMASS = 1.526
# DEC = +64:03:39.0
# CRVAL1 = 3300.0
# UTSHUT = 2018-12-13T05:12:58.700
# EXPTIME = 920
3300.000 1.1762e-16
3301.535 7.7327e-17
3303.070 9.0408e-17
3304.604 4.6349e-17
3306.139 8.2082e-18
3307.674 -1.5922e-17
3309.209 3.2459e-19
3310.744 4.4584e-17
3312.279 7.0971e-17
3313.813 7.3021e-17
3315.348 -1.5889e-18
3316.883 1.4889e-17
3318.418 4.3677e-17
3319.953 4.0552e-17
3321.488 1.1216e-16
3323.022 4.6091e-17
3324.557 5.9992e-17
3326.092 9.3759e-17
3327.627 6.5382e-17
3329.162 6.3614e-17
3330.697 2.1779e-17
3332.231 1.4352e-18
3333.766 -1.4091e-17
3335.301 1.8723e-17
3336.836 5.536e-17
3338.371 3.9628e-17
3339.906 6.2164e-17
3341.440 1.4935e-16
3342.975 9.2865e-17
3344.510 3.4563e-17
3346.045 7.8624e-17
3347.580 1.0943e-16
3349.115 6.0351e-17
3350.649 3.6839e-17
3352.184 2.8497e-17
3353.719 5.9893e-17
3355.254 7.2135e-17
3356.789 1.3283e-17
3358.323 4.8303e-17
3359.858 2.8349e-17
3361.393 2.7612e-17
3362.928 2.2459e-17
3364.463 2.6317e-17
3365.998 7.4742e-17
3367.532 3.4537e-17
3369.067 1.8158e-17
3370.602 4.4236e-17
3372.137 1.7556e-17
3373.672 -1.9111e-17
3375.206 4.3971e-17
3376.741 5.4816e-17
3378.276 7.7292e-18
3379.811 -1.4261e-17
3381.346 -3.9789e-17
3382.881 3.4279e-17
3384.415 4.6568e-17
3385.950 2.2096e-17
3387.485 7.8207e-18
3389.020 3.7365e-17
3390.555 3.6022e-17
3392.090 4.177e-17
3393.624 -2.2359e-17
3395.159 -2.8685e-18
3396.694 2.8908e-17
3398.229 7.3836e-17
3399.764 1.258e-17
3401.298 4.6718e-17
3402.833 6.0976e-17
3404.368 6.3664e-17
3405.903 4.878e-17
3407.438 5.6184e-17
3408.973 4.5076e-17
3410.507 5.3955e-17
3412.042 6.9563e-17
3413.577 3.9102e-17
3415.112 4.4499e-17
3416.647 5.6811e-17
3418.181 2.3685e-17
3419.716 4.1874e-17
3421.251 2.3374e-17
3422.786 4.5331e-17
3424.321 4.4165e-17
3425.856 5.2133e-17
3427.390 3.4755e-17
3428.925 7.9412e-18
3430.460 5.2352e-17
3431.995 2.7006e-17
3433.530 6.0152e-17
3435.065 2.1202e-17
3436.599 4.1805e-17
3438.134 3.9847e-17
3439.669 1.907e-17
3441.204 2.3527e-17
3442.739 5.3864e-17
3444.273 -1.1709e-17
3445.808 1.3051e-17
3447.343 3.7174e-17
3448.878 1.1009e-17
3450.413 4.3629e-17
3451.948 1.7228e-17
3453.482 4.61e-17
3455.017 5.707e-17
3456.552 7.5993e-17
3458.087 7.5467e-17
3459.622 5.6108e-17
3461.156 4.502e-17
3462.691 3.209e-17
3464.226 1.0716e-18
3465.761 4.6608e-18
3467.296 1.8708e-17
3468.831 1.928e-17
3470.365 4.7259e-17
3471.900 7.6405e-17
3473.435 4.6788e-17
3474.970 1.6811e-17
3476.505 7.1134e-17
3478.040 5.1063e-17
3479.574 4.9951e-17
3481.109 4.1175e-17
3482.644 2.2619e-17
3484.179 2.4316e-17
3485.714 1.7056e-17
3487.249 1.9087e-17
3488.783 1.2922e-17
3490.318 3.8164e-17
3491.853 3.6534e-17
3493.388 6.0016e-17
3494.923 4.2163e-17
3496.458 2.3314e-17
3497.992 3.8641e-17
3499.527 4.9145e-18
3501.062 3.8576e-17
3502.597 5.6404e-17
3504.132 3.5184e-17
3505.667 1.6986e-17
3507.201 3.0564e-17
3508.736 5.2287e-17
3510.271 4.6839e-17
3511.806 4.5996e-17
3513.341 5.1764e-17
3514.875 6.652e-17
3516.410 4.1872e-17
3517.945 3.1666e-17
3519.480 3.5237e-17
3521.015 5.3694e-17
3522.550 3.8029e-17
3524.084 5.1516e-17
3525.619 3.0327e-17
3527.154 3.51e-17
3528.689 5.3434e-17
3530.224 6.5994e-17
3531.759 6.7993e-17
3533.293 7.9802e-17
3534.828 7.1365e-17
3536.363 5.8057e-17
3537.898 5.6158e-17
3539.433 6.8212e-17
3540.968 4.734e-17
3542.502 6.0623e-17
3544.037 5.6344e-17
3545.572 3.8454e-17
3547.107 3.5575e-17
3548.642 2.8814e-17
3550.177 4.2521e-17
3551.711 5.9557e-17
3553.246 5.9821e-17
3554.781 5.0392e-17
3556.316 5.9141e-17
3557.851 5.3276e-17
3559.385 4.6094e-17
3560.920 3.0856e-17
3562.455 2.85e-17
3563.990 4.7314e-17
3565.525 4.6166e-17
3567.060 4.2873e-17
3568.594 6.7643e-17
3570.129 6.9368e-17
3571.664 2.906e-17
3573.199 2.5117e-17
3574.734 4.8192e-17
3576.269 4.9972e-17
3577.803 5.2875e-17
3579.338 4.8468e-17
3580.873 2.7482e-17
3582.408 4.365e-17
3583.943 5.9564e-17
3585.477 6.9308e-17
3587.012 4.5146e-17
3588.547 5.7902e-17
3590.082 4.7803e-17
3591.617 4.765e-17
3593.152 4.4212e-17
3594.686 6.9166e-17
3596.221 5.6796e-17
3597.756 7.0602e-17
3599.291 5.1673e-17
3600.826 7.4825e-17
3602.361 7.2349e-17
3603.895 7.1149e-17
3605.430 5.1828e-17
3606.965 4.0758e-17
3608.500 3.6842e-17
3610.035 3.4685e-17
3611.569 2.6667e-17
3613.104 3.2417e-17
3614.639 4.4489e-17
3616.174 4.614e-17
3617.709 6.2667e-17
3619.244 4.0536e-17
3620.778 2.3744e-17
3622.313 5.4843e-17
3623.848 5.8863e-17
3625.383 3.8133e-17
3626.918 4.0917e-17
3628.452 4.6945e-17
3629.987 3.5032e-17
3631.522 5.73e-17
3633.057 6.7574e-17
3634.592 5.2034e-17
3636.127 4.2471e-17
3637.661 5.7559e-17
3639.196 7.4552e-17
3640.731 4.5409e-17
3642.266 2.2153e-17
3643.801 4.2349e-17
3645.336 3.8953e-17
3646.870 2.1563e-17
3648.405 1.9299e-17
3649.940 3.9292e-17
3651.475 3.7049e-17
3653.010 3.4728e-17
3654.544 4.3358e-17
3656.079 3.9874e-17
3657.614 3.7332e-17
3659.149 5.6257e-17
3660.684 5.4354e-17
3662.219 2.7717e-17
3663.753 3.4679e-17
3665.288 3.8559e-17
3666.823 3.664e-17
3668.358 3.1837e-17
3669.893 3.9704e-17
3671.427 6.147e-17
3672.962 5.1022e-17
3674.497 3.7076e-17
3676.032 2.1549e-17
3677.567 3.9097e-17
3679.102 4.8937e-17
3680.636 5.8457e-17
3682.171 3.7642e-17
3683.706 6.4802e-17
3685.241 4.7398e-17
3686.776 5.4032e-17
3688.311 5.8095e-17
3689.845 3.4797e-17
3691.380 2.7607e-17
3692.915 5.3523e-17
3694.450 4.1448e-17
3695.985 4.5907e-17
3697.520 5.4001e-17
3699.054 6.677e-17
3700.589 6.1945e-17
3702.124 4.1873e-17
3703.659 8.729e-17
3705.194 4.7439e-17
3706.729 6.3103e-17
3708.263 5.9279e-17
3709.798 3.6589e-17
3711.333 3.8847e-17
3712.868 5.773e-17
3714.403 5.2463e-17
3715.938 5.5951e-17
3717.472 4.8351e-17
3719.007 5.828e-17
3720.542 3.3297e-17
3722.077 3.8598e-17
3723.612 5.0072e-17
3725.146 3.6434e-17
3726.681 4.8679e-17
3728.216 3.6735e-17
3729.751 5.2946e-17
3731.286 4.7123e-17
3732.821 5.3545e-17
3734.355 4.7008e-17
3735.890 4.1801e-17
3737.425 4.0435e-17
3738.960 3.8779e-17
3740.495 2.8171e-17
3742.030 3.9573e-17
3743.564 3.357e-17
3745.099 4.4927e-17
3746.634 3.7351e-17
3748.169 3.0883e-17
3749.704 3.8529e-17
3751.239 3.0954e-17
3752.773 4.0788e-17
3754.308 5.1921e-17
3755.843 3.2654e-17
3757.378 2.7278e-17
3758.913 3.0281e-17
3760.448 5.0776e-17
3761.982 3.3255e-17
3763.517 3.1707e-17
3765.052 3.553e-17
3766.587 4.4569e-17
3768.122 5.6452e-17
3769.656 5.5202e-17
3771.191 4.5034e-17
3772.726 5.4566e-17
3774.261 5.9137e-17
3775.796 5.2752e-17
3777.331 4.7381e-17
3778.865 4.0578e-17
3780.400 4.2626e-17
3781.935 4.9679e-17
3783.470 4.8916e-17
3785.005 3.7502e-17
3786.540 5.8651e-17
3788.074 4.8397e-17
3789.609 5.2253e-17
3791.144 5.986e-17
3792.679 5.0159e-17
3794.214 4.4982e-17
3795.748 3.6026e-17
3797.283 4.8492e-17
3798.818 5.0611e-17
3800.353 4.6274e-17
3801.888 5.9126e-17
3803.423 5.2298e-17
3804.957 4.9384e-17
3806.492 3.5496e-17
3808.027 6.2961e-17
3809.562 5.4426e-17
3811.097 4.7741e-17
3812.632 4.0201e-17
3814.166 5.3373e-17
3815.701 5.8341e-17
3817.236 6.2423e-17
3818.771 3.908e-17
3820.306 5.7238e-17
3821.840 6.1638e-17
3823.375 5.1052e-17
3824.910 5.4092e-17
3826.445 4.0934e-17
3827.980 4.8454e-17
3829.515 4.3431e-17
3831.049 4.7808e-17
3832.584 5.3553e-17
3834.119 6.0554e-17
3835.654 6.5618e-17
3837.189 4.439e-17
3838.723 5.896e-17
3840.258 5.9488e-17
3841.793 4.9065e-17
3843.328 6.191e-17
3844.863 6.017e-17
3846.398 5.847e-17
3847.932 5.4173e-17
3849.467 5.15e-17
3851.002 5.8711e-17
3852.537 5.4942e-17
3854.072 5.5178e-17
3855.607 4.3822e-17
3857.141 4.0842e-17
3858.676 6.1062e-17
3860.211 4.3798e-17
3861.746 3.0067e-17
3863.281 3.6688e-17
3864.815 4.2979e-17
3866.350 4.3583e-17
3867.885 4.3705e-17
3869.420 4.5048e-17
3870.955 5.5375e-17
3872.490 6.2474e-17
3874.024 6.826e-17
3875.559 6.3347e-17
3877.094 4.2461e-17
3878.629 6.2635e-17
3880.164 5.7365e-17
3881.698 5.378e-17
3883.233 4.6763e-17
3884.768 5.2122e-17
3886.303 4.6453e-17
3887.838 5.0898e-17
3889.373 4.95e-17
3890.907 4.7138e-17
3892.442 5.1252e-17
3893.977 6.7815e-17
3895.512 6.2631e-17
3897.047 6.0064e-17
3898.582 5.0984e-17
3900.116 5.3919e-17
3901.651 7.3061e-17
3903.186 9.95e-17
3904.721 1.4384e-16
3906.256 1.9451e-16
3907.791 1.9625e-16
3909.325 1.5692e-16
3910.860 1.0808e-16
3912.395 7.6248e-17
3913.930 5.2321e-17
3915.465 4.5935e-17
3917.000 2.9023e-17
3918.534 5.3162e-17
3920.069 5.0301e-17
3921.604 6.3056e-17
3923.139 5.9051e-17
3924.674 5.5965e-17
3926.208 4.9823e-17
3927.743 4.2562e-17
3929.278 4.0615e-17
3930.813 3.6225e-17
3932.348 4.6145e-17
3933.883 4.436e-17
3935.417 5.8153e-17
3936.952 5.2173e-17
3938.487 5.8227e-17
3940.022 5.8791e-17
3941.557 7.4733e-17
3943.092 5.3934e-17
3944.626 6.5038e-17
3946.161 7.1872e-17
3947.696 6.4712e-17
3949.231 6.0038e-17
3950.766 6.144e-17
3952.301 5.7337e-17
3953.835 5.2411e-17
3955.370 5.5782e-17
3956.905 6.0455e-17
3958.440 6.1504e-17
3959.975 5.3382e-17
3961.510 5.7495e-17
3963.044 6.1759e-17
3964.579 5.3987e-17
3966.114 6.8586e-17
3967.649 6.985e-17
3969.184 6.0827e-17
3970.719 6.6612e-17
3972.253 6.9436e-17
3973.788 6.2588e-17
3975.323 4.7424e-17
3976.858 4.7733e-17
3978.393 5.0866e-17
3979.927 6.2188e-17
3981.462 6.3946e-17
3982.997 5.3034e-17
3984.532 6.7649e-17
3986.067 7.3715e-17
3987.602 7.7592e-17
3989.136 7.9735e-17
3990.671 6.879e-17
3992.206 5.2236e-17
3993.741 6.6397e-17
3995.276 6.0305e-17
3996.811 6.0558e-17
3998.345 7.5458e-17
3999.880 7.3248e-17
4001.415 6.3788e-17
4002.950 7.6747e-17
4004.485 6.1892e-17
4006.019 5.8189e-17
4007.554 5.8589e-17
4009.089 5.6707e-17
4010.624 3.48e-17
4012.159 5.2236e-17
4013.694 5.4363e-17
4015.228 4.9367e-17
4016.763 3.96e-17
4018.298 3.6873e-17
4019.833 5.2861e-17
4021.368 3.7557e-17
4022.903 5.1742e-17
4024.437 6.109e-17
4025.972 4.8764e-17
4027.507 6.646e-17
4029.042 5.9246e-17
4030.577 4.6586e-17
4032.111 7.1372e-17
4033.646 7.5162e-17
4035.181 6.3318e-17
4036.716 4.5087e-17
4038.251 6.8825e-17
4039.786 6.9454e-17
4041.320 6.8381e-17
4042.855 6.117e-17
4044.390 7.7099e-17
4045.925 8.8818e-17
4047.460 8.6098e-17
4048.994 5.7677e-17
4050.529 7.4833e-17
4052.064 9.6221e-17
4053.599 8.8187e-17
4055.134 8.3615e-17
4056.669 6.3665e-17
4058.203 7.2569e-17
4059.738 7.9662e-17
4061.273 5.7112e-17
4062.808 7.0241e-17
4064.343 5.7364e-17
4065.877 5.7579e-17
4067.412 6.9123e-17
4068.947 5.9286e-17
4070.482 6.5738e-17
4072.017 4.3726e-17
4073.552 5.9166e-17
4075.086 7.5232e-17
4076.621 6.7721e-17
4078.156 4.6058e-17
4079.691 4.8134e-17
4081.226 5.975e-17
4082.761 5.0514e-17
4084.295 4.856e-17
4085.830 6.4085e-17
4087.365 8.0227e-17
4088.900 6.9562e-17
4090.435 8.2398e-17
4091.969 7.284e-17
4093.504 7.6755e-17
4095.039 7.1777e-17
4096.574 7.0976e-17
4098.109 8.562e-17
4099.644 9.4946e-17
4101.179 8.2964e-17
4102.713 7.1631e-17
4104.248 9.8962e-17
4105.783 7.8152e-17
4107.318 5.6851e-17
4108.853 7.0554e-17
4110.388 7.7096e-17
4111.922 7.3904e-17
4113.457 6.7031e-17
4114.992 7.1722e-17
4116.527 4.8873e-17
4118.062 5.3377e-17
4119.596 4.7e-17
4121.131 2.9306e-17
4122.666 3.2637e-17
4124.201 4.8547e-17
4125.736 3.9639e-17
4127.271 5.3385e-17
4128.805 5.1676e-17
4130.340 5.1224e-17
4131.875 6.0347e-17
4133.410 8.6156e-17
4134.945 7.4607e-17
4136.479 6.5118e-17
4138.014 5.8413e-17
4139.549 4.3669e-17
4141.084 5.9253e-17
4142.619 7.9249e-17
4144.154 7.4011e-17
4145.688 5.6877e-17
4147.223 8.2394e-17
4148.758 7.2082e-17
4150.293 6.9849e-17
4151.828 7.2109e-17
4153.363 7.9199e-17
4154.897 5.2548e-17
4156.432 3.3998e-17
4157.967 1.9375e-17
4159.502 4.952e-17
4161.037 3.3724e-17
4162.571 2.7836e-17
4164.106 4.4897e-17
4165.641 4.4466e-17
4167.176 6.3683e-17
4168.711 6.4187e-17
4170.246 6.7002e-17
4171.780 6.6671e-17
4173.315 7.7262e-17
4174.850 9.4437e-17
4176.385 8.0033e-17
4177.920 8.014e-17
4179.455 8.9462e-17
4180.989 8.6287e-17
4182.524 9.8318e-17
4184.059 7.9052e-17
4185.594 8.6831e-17
4187.129 7.835e-17
4188.664 9.5025e-17
4190.198 1.0803e-16
4191.733 1.0155e-16
4193.268 9.5299e-17
4194.803 9.3823e-17
4196.338 8.1575e-17
4197.873 7.0705e-17
4199.407 7.9287e-17
4200.942 8.2818e-17
4202.477 9.7055e-17
4204.012 8.1e-17
4205.546 8.3884e-17
4207.082 8.0578e-17
4208.616 8.2937e-17
4210.151 8.5742e-17
4211.686 8.4527e-17
4213.221 8.6127e-17
4214.755 8.6525e-17
4216.291 7.0328e-17
4217.825 8.0866e-17
4219.360 7.7942e-17
4220.895 8.7469e-17
4222.430 9.7716e-17
4223.964 8.8223e-17
4225.500 8.5276e-17
4227.034 7.9153e-17
4228.569 7.5669e-17
4230.104 8.6166e-17
4231.639 8.5093e-17
4233.173 7.8879e-17
4234.708 7.4808e-17
4236.243 8.3965e-17
4237.778 7.2339e-17
4239.313 7.0519e-17
4240.848 7.6894e-17
4242.382 9.2302e-17
4243.917 7.8333e-17
4245.452 8.4413e-17
4246.987 7.4511e-17
4248.521 9.0274e-17
4250.057 1.0464e-16
4251.591 8.1645e-17
4253.126 6.4836e-17
4254.661 8.1686e-17
4256.196 8.8201e-17
4257.730 6.2394e-17
4259.266 7.0363e-17
4260.800 9.298e-17
4262.335 7.1377e-17
4263.870 8.3295e-17
4265.405 8.4312e-17
4266.939 7.5637e-17
4268.475 6.7582e-17
4270.009 6.8534e-17
4271.544 7.6948e-17
4273.079 7.7959e-17
4274.614 8.2551e-17
4276.148 8.253e-17
4277.684 8.562e-17
4279.218 8.9796e-17
4280.753 7.7462e-17
4282.288 9.0574e-17
4283.823 7.6703e-17
4285.357 7.1672e-17
4286.892 6.4814e-17
4288.427 9.1018e-17
4289.962 7.562e-17
4291.497 7.5971e-17
4293.032 7.856e-17
4294.566 7.1983e-17
4296.101 8.3348e-17
4297.636 8.4458e-17
4299.171 7.935e-17
4300.706 6.0364e-17
4302.241 6.3407e-17
4303.775 7.3739e-17
4305.310 5.7883e-17
4306.845 6.0089e-17
4308.380 7.3644e-17
4309.915 7.7543e-17
4311.450 8.2783e-17
4312.984 7.4255e-17
4314.519 9.9325e-17
4316.054 8.3877e-17
4317.589 7.9704e-17
4319.124 8.8003e-17
4320.659 8.5426e-17
4322.193 8.4913e-17
4323.728 9.0201e-17
4325.263 9.4835e-17
4326.798 8.8473e-17
4328.333 9.1862e-17
4329.867 7.7523e-17
4331.402 8.8969e-17
4332.937 8.0977e-17
4334.472 9.0042e-17
4336.007 1.0277e-16
4337.542 1.0845e-16
4339.076 8.8777e-17
4340.611 1.0316e-16
4342.146 8.0503e-17
4343.681 9.0628e-17
4345.216 9.5157e-17
4346.750 7.4735e-17
4348.285 9.0604e-17
4349.820 8.8626e-17
4351.355 8.6041e-17
4352.890 9.2464e-17
4354.425 1.0654e-16
4355.959 7.9542e-17
4357.494 1.1806e-16
4359.029 1.3594e-16
4360.564 9.9879e-17
4362.099 1.1488e-16
4363.634 1.2115e-16
4365.168 8.656e-17
4366.703 7.8321e-17
4368.238 1.02e-16
4369.773 9.8482e-17
4371.308 1.0805e-16
4372.842 8.7785e-17
4374.377 9.045e-17
4375.912 7.4424e-17
4377.447 9.0838e-17
4378.982 7.9763e-17
4380.517 8.1139e-17
4382.051 8.4251e-17
4383.586 1.0431e-16
4385.121 1.0781e-16
4386.656 7.233e-17
4388.191 7.3321e-17
4389.726 7.8596e-17
4391.260 7.2936e-17
4392.795 6.8809e-17
4394.330 8.3005e-17
4395.865 8.7634e-17
4397.400 9.2886e-17
4398.935 6.9555e-17
4400.469 8.5179e-17
4402.004 8.2969e-17
4403.539 6.8423e-17
4405.074 8.8694e-17
4406.609 9.8953e-17
4408.144 6.8405e-17
4409.678 8.9016e-17
4411.213 1.0421e-16
4412.748 1.0792e-16
4414.283 8.365e-17
4415.817 9.4789e-17
4417.353 7.9273e-17
4418.887 8.4556e-17
4420.422 8.0415e-17
4421.957 9.4519e-17
4423.492 8.0964e-17
4425.026 7.9845e-17
4426.562 8.8574e-17
4428.096 7.9255e-17
4429.631 7.7011e-17
4431.166 7.7572e-17
4432.701 6.6943e-17
4434.235 8.4448e-17
4435.771 6.9384e-17
4437.305 5.4736e-17
4438.840 6.2899e-17
4440.375 7.1308e-17
4441.910 8.8737e-17
4443.444 8.1371e-17
4444.979 9.1033e-17
4446.514 1.11e-16
4448.049 1.0684e-16
4449.584 1.0327e-16
4451.119 7.5503e-17
4452.653 8.3525e-17
4454.188 8.9806e-17
4455.723 8.6959e-17
4457.258 8.5991e-17
4458.792 8.2771e-17
4460.328 8.5115e-17
4461.862 8.4931e-17
4463.397 9.693e-17
4464.932 7.2787e-17
4466.467 8.5466e-17
4468.001 8.8694e-17
4469.537 9.2615e-17
4471.071 9.7563e-17
4472.606 7.6916e-17
4474.141 7.9318e-17
4475.676 8.2645e-17
4477.210 1.1049e-16
4478.746 1.0068e-16
4480.280 7.2551e-17
4481.815 9.4994e-17
4483.350 9.3069e-17
4484.885 7.5222e-17
4486.419 9.103e-17
4487.955 8.551e-17
4489.489 8.6534e-17
4491.024 8.5918e-17
4492.559 6.2925e-17
4494.094 7.2506e-17
4495.628 7.0434e-17
4497.163 8.4786e-17
4498.698 1.0354e-16
4500.233 7.9697e-17
4501.768 8.0065e-17
4503.303 7.8841e-17
4504.837 8.2179e-17
4506.372 1.049e-16
4507.907 6.047e-17
4509.442 6.6223e-17
4510.977 8.9068e-17
4512.512 8.7369e-17
4514.046 8.6367e-17
4515.581 8.1145e-17
4517.116 7.2124e-17
4518.651 5.9404e-17
4520.186 6.8115e-17
4521.721 8.3541e-17
4523.255 6.1821e-17
4524.790 9.0517e-17
4526.325 1.0049e-16
4527.860 7.0452e-17
4529.395 7.1272e-17
4530.930 8.2988e-17
4532.464 7.6828e-17
4533.999 8.7562e-17
4535.534 9.5047e-17
4537.069 6.7448e-17
4538.604 7.2019e-17
4540.138 8.0904e-17
4541.673 1.0664e-16
4543.208 8.6497e-17
4544.743 7.8705e-17
4546.278 7.3783e-17
4547.812 9.4091e-17
4549.347 7.9818e-17
4550.882 9.3261e-17
4552.417 7.1011e-17
4553.952 6.796e-17
4555.487 6.7724e-17
4557.021 9.3029e-17
4558.556 8.216e-17
4560.091 9.2178e-17
4561.626 8.0894e-17
4563.161 8.1245e-17
4564.696 7.2148e-17
4566.230 6.3006e-17
4567.765 8.1974e-17
4569.300 1.0335e-16
4570.835 7.1587e-17
4572.370 1.132e-16
4573.905 1.0135e-16
4575.439 9.0975e-17
4576.974 8.9206e-17
4578.509 9.1164e-17
4580.044 9.0578e-17
4581.579 9.8456e-17
4583.113 8.8313e-17
4584.648 6.4623e-17
4586.183 8.2449e-17
4587.718 9.1434e-17
4589.253 8.2037e-17
4590.788 6.813e-17
4592.322 8.1642e-17
4593.857 1.0292e-16
4595.392 6.5074e-17
4596.927 7.1719e-17
4598.462 1.0134e-16
4599.997 8.8607e-17
4601.531 7.5966e-17
4603.066 7.4078e-17
4604.601 7.492e-17
4606.136 7.0967e-17
4607.671 8.9012e-17
4609.206 8.2413e-17
4610.740 8.4425e-17
4612.275 8.3026e-17
4613.810 9.1924e-17
4615.345 8.0357e-17
4616.880 9.0198e-17
4618.415 6.7417e-17
4619.949 7.6665e-17
4621.484 6.8232e-17
4623.019 9.0514e-17
4624.554 9.8387e-17
4626.088 7.8366e-17
4627.624 9.9587e-17
4629.158 9.9536e-17
4630.693 9.0323e-17
4632.228 8.7004e-17
4633.763 8.2516e-17
4635.297 7.9169e-17
4636.833 9.7007e-17
4638.367 8.5149e-17
4639.902 9.0509e-17
4641.437 9.1662e-17
4642.972 1.0265e-16
4644.506 8.946e-17
4646.042 7.5192e-17
4647.576 8.7571e-17
4649.111 8.6184e-17
4650.646 8.5498e-17
4652.181 1.2005e-16
4653.715 1.2121e-16
4655.250 7.2844e-17
4656.785 8.6578e-17
4658.320 8.9638e-17
4659.855 9.8914e-17
4661.390 8.185e-17
4662.924 9.9776e-17
4664.459 8.7902e-17
4665.994 9.7523e-17
4667.529 9.3599e-17
4669.063 8.9938e-17
4670.599 9.1518e-17
4672.133 7.889e-17
4673.668 7.8041e-17
4675.203 7.8106e-17
4676.738 8.377e-17
4678.272 8.1479e-17
4679.808 8.5053e-17
4681.342 1.0021e-16
4682.877 9.055e-17
4684.412 7.2429e-17
4685.947 8.4548e-17
4687.481 8.2655e-17
4689.017 8.4854e-17
4690.551 9.2362e-17
4692.086 1.0209e-16
4693.621 1.0632e-16
4695.156 9.0887e-17
4696.690 7.7276e-17
4698.226 8.5861e-17
4699.760 1.0132e-16
4701.295 1.0422e-16
4702.830 8.9418e-17
4704.365 8.5737e-17
4705.899 8.8223e-17
4707.434 9.2598e-17
4708.969 9.5455e-17
4710.504 1.0204e-16
4712.039 7.7134e-17
4713.574 8.6813e-17
4715.108 8.8101e-17
4716.643 9.9671e-17
4718.178 1.1298e-16
4719.713 9.4894e-17
4721.248 1.1345e-16
4722.783 1.0251e-16
4724.317 8.7352e-17
4725.852 9.4961e-17
4727.387 1.0154e-16
4728.922 1.1258e-16
4730.457 8.64e-17
4731.992 9.6615e-17
4733.526 8.7616e-17
4735.061 8.8943e-17
4736.596 9.3141e-17
4738.131 9.6585e-17
4739.666 9.5176e-17
4741.201 8.8382e-17
4742.735 8.2405e-17
4744.270 1.0473e-16
4745.805 8.7093e-17
4747.340 7.3429e-17
4748.875 8.3376e-17
4750.409 9.3384e-17
4751.944 8.4577e-17
4753.479 9.436e-17
4755.014 9.1153e-17
4756.549 8.7958e-17
4758.083 9.4467e-17
4759.618 9.7824e-17
4761.153 9.4041e-17
4762.688 8.607e-17
4764.223 7.7898e-17
4765.758 8.6272e-17
4767.292 7.7958e-17
4768.827 8.9837e-17
4770.362 9.9352e-17
4771.897 1.078e-16
4773.432 1.0157e-16
4774.967 8.6919e-17
4776.501 8.5239e-17
4778.036 7.5411e-17
4779.571 1.0486e-16
4781.106 9.1384e-17
4782.641 9.6724e-17
4784.176 9.7329e-17
4785.710 9.3868e-17
4787.245 9.8589e-17
4788.780 9.3566e-17
4790.315 9.6876e-17
4791.850 1.0527e-16
4793.384 1.0656e-16
4794.919 1.0837e-16
4796.454 1.0827e-16
4797.989 9.4943e-17
4799.524 7.9958e-17
4801.059 7.3211e-17
4802.593 9.6557e-17
4804.128 9.3268e-17
4805.663 8.2443e-17
4807.198 9.4688e-17
4808.733 1.0311e-16
4810.268 9.6461e-17
4811.802 9.4332e-17
4813.337 9.3104e-17
4814.872 8.7751e-17
4816.407 9.588e-17
4817.942 9.4497e-17
4819.477 9.3849e-17
4821.011 8.7658e-17
4822.546 9.3087e-17
4824.081 8.5021e-17
4825.616 8.7741e-17
4827.151 9.5441e-17
4828.686 9.3907e-17
4830.220 9.8393e-17
4831.755 9.522e-17
4833.290 8.8121e-17
4834.825 1.0502e-16
4836.359 9.924e-17
4837.895 9.0932e-17
4839.429 1.0773e-16
4840.964 1.1052e-16
4842.499 1.084e-16
4844.034 9.6499e-17
4845.568 9.5063e-17
4847.104 1.0486e-16
4848.638 9.2748e-17
4850.173 8.8262e-17
4851.708 8.9429e-17
4853.243 9.6365e-17
4854.777 8.762e-17
4856.312 8.272e-17
4857.847 9.4991e-17
4859.382 1.0193e-16
4860.917 9.596e-17
4862.452 8.9851e-17
4863.986 9.6997e-17
4865.521 8.7172e-17
4867.056 8.7487e-17
4868.591 1.0278e-16
4870.126 8.5338e-17
4871.661 8.5703e-17
4873.195 1.0655e-16
4874.730 9.9368e-17
4876.265 8.5205e-17
4877.800 8.6806e-17
4879.334 7.5417e-17
4880.870 8.6966e-17
4882.404 9.751e-17
4883.939 9.3093e-17
4885.474 8.5282e-17
4887.009 1.0636e-16
4888.543 8.7399e-17
4890.079 9.3536e-17
4891.613 8.6335e-17
4893.148 8.2857e-17
4894.683 7.8143e-17
4896.218 8.2232e-17
4897.752 1.0099e-16
4899.288 1.0184e-16
4900.822 1.016e-16
4902.357 9.5978e-17
4903.892 8.8233e-17
4905.427 9.9108e-17
4906.961 1.0708e-16
4908.497 9.4955e-17
4910.031 1.0553e-16
4911.566 1.0394e-16
4913.101 9.1788e-17
4914.636 9.8609e-17
4916.170 1.0737e-16
4917.705 9.5044e-17
4919.240 8.0696e-17
4920.775 1.0328e-16
4922.310 1.0094e-16
4923.845 1.0342e-16
4925.379 1.0051e-16
4926.914 1.0561e-16
4928.449 8.5512e-17
4929.984 8.2184e-17
4931.519 9.4592e-17
4933.054 8.8461e-17
4934.588 9.84e-17
4936.123 9.1531e-17
4937.658 9.0403e-17
4939.193 1.0514e-16
4940.728 1.0306e-16
4942.263 1.0198e-16
4943.797 8.9333e-17
4945.332 1.025e-16
4946.867 1.0441e-16
4948.402 1.0028e-16
4949.937 1.013e-16
4951.472 8.9769e-17
4953.006 8.9685e-17
4954.541 8.9432e-17
4956.076 9.9099e-17
4957.611 9.7597e-17
4959.146 8.6568e-17
4960.680 9.418e-17
4962.215 1.0026e-16
4963.750 9.5172e-17
4965.285 1.0115e-16
4966.820 9.3993e-17
4968.354 9.1902e-17
4969.889 9.8624e-17
4971.424 9.4684e-17
4972.959 9.0856e-17
4974.494 1.0605e-16
4976.029 1.0286e-16
4977.563 8.3206e-17
4979.098 8.764e-17
4980.633 9.1365e-17
4982.168 7.6193e-17
4983.703 7.7709e-17
4985.238 7.828e-17
4986.772 1.0634e-16
4988.307 1.1122e-16
4989.842 9.6492e-17
4991.377 7.9983e-17
4992.912 9.829e-17
4994.447 7.6711e-17
4995.981 7.371e-17
4997.516 9.4576e-17
4999.051 9.434e-17
5000.586 9.984e-17
5002.121 1.0115e-16
5003.655 9.9148e-17
5005.190 1.0637e-16
5006.725 1.0906e-16
5008.260 9.3115e-17
5009.795 1.017e-16
5011.330 9.9558e-17
5012.864 8.7613e-17
5014.399 8.9431e-17
5015.934 9.8024e-17
5017.469 8.4338e-17
5019.004 9.6237e-17
5020.539 8.6918e-17
5022.073 1.0804e-16
5023.608 1.2056e-16
5025.143 1.095e-16
5026.678 1.0429e-16
5028.213 1.0628e-16
5029.748 1.0002e-16
5031.282 9.131e-17
5032.817 8.0155e-17
5034.352 8.7168e-17
5035.887 1.0043e-16
5037.422 8.4558e-17
5038.957 9.5385e-17
5040.491 9.2567e-17
5042.026 8.5379e-17
5043.561 9.7772e-17
5045.096 8.9967e-17
5046.630 9.9872e-17
5048.166 1.0646e-16
5049.700 9.0338e-17
5051.235 9.0858e-17
5052.770 1.0188e-16
5054.305 1.0058e-16
5055.839 9.5762e-17
5057.375 1.0149e-16
5058.909 8.9432e-17
5060.444 9.4067e-17
5061.979 9.6534e-17
5063.514 1.1693e-16
5065.048 9.4029e-17
5066.583 8.9823e-17
5068.118 9.2799e-17
5069.653 8.7194e-17
5071.188 1.0183e-16
5072.723 8.3011e-17
5074.257 8.8455e-17
5075.792 8.1187e-17
5077.327 9.7913e-17
5078.862 9.5913e-17
5080.397 8.9883e-17
5081.932 9.1045e-17
5083.466 9.289e-17
5085.001 9.8311e-17
5086.536 1.0861e-16
5088.071 7.4491e-17
5089.605 7.3965e-17
5091.141 8.3737e-17
5092.675 9.8003e-17
5094.210 1.2017e-16
5095.745 1.021e-16
5097.280 8.9589e-17
5098.814 8.5136e-17
5100.350 8.6053e-17
5101.884 9.4423e-17
5103.419 7.6724e-17
5104.954 8.9381e-17
5106.489 9.6191e-17
5108.023 7.9982e-17
5109.559 7.6855e-17
5111.093 9.606e-17
5112.628 9.7531e-17
5114.163 1.0197e-16
5115.698 8.5881e-17
5117.232 1.0145e-16
5118.768 8.6135e-17
5120.302 7.8433e-17
5121.837 9.7105e-17
5123.372 8.324e-17
5124.907 8.935e-17
5126.441 7.9218e-17
5127.976 9.3243e-17
5129.511 8.1971e-17
5131.046 1.0471e-16
5132.581 9.1776e-17
5134.116 7.9069e-17
5135.650 8.9203e-17
5137.185 8.8139e-17
5138.720 8.1753e-17
5140.255 9.8684e-17
5141.790 9.358e-17
5143.325 1.0263e-16
5144.859 1.087e-16
5146.394 7.9112e-17
5147.929 9.3137e-17
5149.464 8.4867e-17
5150.999 9.4688e-17
5152.534 1.118e-16
5154.068 1.0173e-16
5155.603 1.0452e-16
5157.138 8.6972e-17
5158.673 9.7084e-17
5160.208 8.6665e-17
5161.743 9.2283e-17
5163.277 1.026e-16
5164.812 1.0124e-16
5166.347 8.2393e-17
5167.882 8.3592e-17
5169.417 9.9815e-17
5170.951 1.0002e-16
5172.486 9.8029e-17
5174.021 8.0537e-17
5175.556 9.5894e-17
5177.091 1.0071e-16
5178.625 1.0861e-16
5180.160 8.9485e-17
5181.695 7.9933e-17
5183.230 1.0093e-16
5184.765 9.6047e-17
5186.300 1.0042e-16
5187.834 1.0288e-16
5189.369 1.1035e-16
5190.904 1.0272e-16
5192.439 1.2353e-16
5193.974 1.2177e-16
5195.509 9.7531e-17
5197.043 1.2469e-16
5198.578 1.0347e-16
5200.113 9.8029e-17
5201.648 9.8967e-17
5203.183 1.1085e-16
5204.718 1.1119e-16
5206.252 1.0364e-16
5207.787 9.4216e-17
5209.322 8.7961e-17
5210.857 1.0821e-16
5212.392 1.0757e-16
5213.926 9.0704e-17
5215.461 9.9621e-17
5216.996 1.1887e-16
5218.531 8.6643e-17
5220.066 7.7163e-17
5221.601 8.8469e-17
5223.135 9.7542e-17
5224.670 9.6596e-17
5226.205 1.0145e-16
5227.740 1.1754e-16
5229.275 9.79e-17
5230.810 1.0585e-16
5232.344 1.1169e-16
5233.879 1.0236e-16
5235.414 9.0377e-17
5236.949 8.8345e-17
5238.484 8.4651e-17
5240.019 9.9493e-17
5241.553 1.1063e-16
5243.088 8.9466e-17
5244.623 1.0083e-16
5246.158 1.2926e-16
5247.693 1.3054e-16
5249.228 1.342e-16
5250.762 1.2915e-16
5252.297 9.7127e-17
5253.832 9.5495e-17
5255.367 9.8749e-17
5256.901 7.4768e-17
5258.437 7.316e-17
5259.971 8.6439e-17
5261.506 9.8528e-17
5263.041 8.4841e-17
5264.576 8.3655e-17
5266.110 1.0354e-16
5267.646 1.0166e-16
5269.180 8.7103e-17
5270.715 7.8826e-17
5272.250 1.0443e-16
5273.785 1.0628e-16
5275.319 1.1511e-16
5276.854 8.5323e-17
5278.389 1.008e-16
5279.924 1.1535e-16
5281.459 8.6018e-17
5282.994 7.5568e-17
5284.528 8.5701e-17
5286.063 9.7285e-17
5287.598 8.3306e-17
5289.133 9.2529e-17
5290.668 1.1998e-16
5292.203 1.0736e-16
5293.737 9.4478e-17
5295.272 1.0368e-16
5296.807 1.0505e-16
5298.342 1.099e-16
5299.876 1.1089e-16
5301.412 1.034e-16
5302.946 1.2087e-16
5304.481 1.0604e-16
5306.016 1.064e-16
5307.551 7.5568e-17
5309.085 9.0427e-17
5310.621 9.6425e-17
5312.155 8.6471e-17
5313.690 1.1353e-16
5315.225 1.0718e-16
5316.760 9.7995e-17
5318.294 9.8168e-17
5319.830 9.6675e-17
5321.364 1.0559e-16
5322.899 1.0578e-16
5324.434 8.836e-17
5325.969 1.1028e-16
5327.503 9.8662e-17
5329.039 1.0733e-16
5330.573 7.5869e-17
5332.108 1.0237e-16
5333.643 1.0287e-16
5335.178 1.2116e-16
5336.712 1.2814e-16
5338.247 1.0386e-16
5339.782 9.2444e-17
5341.317 1.0081e-16
5342.852 1.1575e-16
5344.387 1.1917e-16
5345.921 1.2024e-16
5347.456 9.7288e-17
5348.991 1.2137e-16
5350.526 1.2666e-16
5352.061 1.0705e-16
5353.596 1.1164e-16
5355.130 1.0946e-16
5356.665 1.1466e-16
5358.200 8.4517e-17
5359.735 9.3094e-17
5361.270 1.0896e-16
5362.805 1.0356e-16
5364.339 1.074e-16
5365.874 1.368e-16
5367.409 1.0219e-16
5368.944 7.8768e-17
5370.479 9.2444e-17
5372.014 1.0965e-16
5373.548 1.1397e-16
5375.083 1.1836e-16
5376.618 1.1216e-16
5378.153 9.118e-17
5379.688 1.1102e-16
5381.222 1.0017e-16
5382.757 1.1679e-16
5384.292 1.0428e-16
5385.827 7.1596e-17
5387.362 8.4351e-17
5388.896 9.9045e-17
5390.431 8.9207e-17
5391.966 1.0742e-16
5393.501 9.9921e-17
5395.036 9.4772e-17
5396.571 8.1879e-17
5398.105 1.0328e-16
5399.640 1.1918e-16
5401.175 1.1792e-16
5402.710 1.0598e-16
5404.245 9.2803e-17
5405.780 1.0443e-16
5407.314 1.0336e-16
5408.849 1.1062e-16
5410.384 1.0397e-16
5411.919 1.223e-16
5413.454 1.0064e-16
5414.989 8.0238e-17
5416.523 6.1457e-17
5418.058 6.1982e-17
5419.593 9.5359e-17
5421.128 1.1928e-16
5422.663 1.1296e-16
5424.197 1.0049e-16
5425.732 9.4291e-17
5427.267 8.541e-17
5428.802 8.8011e-17
5430.337 9.6543e-17
5431.872 8.7222e-17
5433.406 6.6517e-17
5434.941 8.0666e-17
5436.476 9.1657e-17
5438.011 9.7871e-17
5439.546 1.1624e-16
5441.081 1.1775e-16
5442.615 1.1176e-16
5444.150 9.5038e-17
5445.685 9.4813e-17
5447.220 1.0497e-16
5448.755 1.1517e-16
5450.290 1.1342e-16
5451.824 1.291e-16
5453.359 1.0191e-16
5454.894 7.2104e-17
5456.429 7.1687e-17
5457.964 8.6956e-17
5459.499 1.4272e-16
5461.033 1.3692e-16
5462.568 1.0417e-16
5464.103 7.0672e-17
5465.638 1.1498e-16
5467.172 1.0426e-16
5468.708 8.9828e-17
5470.242 1.1247e-16
5471.777 1.444e-16
5473.312 1.2039e-16
5474.847 1.0445e-16
5476.381 9.3561e-17
5477.917 9.8774e-17
5479.451 1.1628e-16
5480.986 9.5899e-17
5482.521 1.2636e-16
5484.056 8.3642e-17
5485.590 1.2342e-16
5487.125 1.2159e-16
5488.660 1.0311e-16
5490.195 1.1367e-16
5491.730 1.2171e-16
5493.265 1.4059e-16
5494.799 1.4064e-16
5496.334 1.0606e-16
5497.869 1.1056e-16
5499.404 8.8181e-17
5500.939 9.0126e-17
5502.474 1.1027e-16
5504.008 1.3655e-16
5505.543 1.0971e-16
5507.078 1.0387e-16
5508.613 1.1681e-16
5510.147 1.206e-16
5511.683 1.1113e-16
5513.217 1.0981e-16
5514.752 1.0828e-16
5516.287 9.7056e-17
5517.822 1.1382e-16
5519.356 1.2393e-16
5520.892 1.19e-16
5522.426 1.0542e-16
5523.961 1.0069e-16
5525.496 1.1137e-16
5527.031 1.1646e-16
5528.565 1.0521e-16
5530.101 1.1511e-16
5531.635 9.6873e-17
5533.170 1.1317e-16
5534.705 1.1645e-16
5536.240 1.1882e-16
5537.774 1.099e-16
5539.310 1.05e-16
5540.844 1.2173e-16
5542.379 1.276e-16
5543.914 1.2098e-16
5545.449 1.096e-16
5546.983 1.102e-16
5548.518 1.1939e-16
5550.053 1.3311e-16
5551.588 1.2725e-16
5553.123 1.2808e-16
5554.658 1.2462e-16
5556.192 1.1756e-16
5557.727 1.089e-16
5559.262 1.0964e-16
5560.797 1.3036e-16
5562.332 1.5464e-16
5563.867 1.4558e-16
5565.401 1.314e-16
5566.936 1.2554e-16
5568.471 1.2437e-16
5570.006 1.3754e-16
5571.541 1.3982e-16
5573.076 1.6157e-16
5574.610 1.5206e-16
5576.145 1.264e-16
5577.680 1.3139e-16
5579.215 1.0005e-16
5580.750 1.0851e-16
5582.285 1.2556e-16
5583.819 1.2842e-16
5585.354 1.2687e-16
5586.889 1.1611e-16
5588.424 1.1343e-16
5589.958 1.1058e-16
5591.493 1.1891e-16
5593.028 1.2841e-16
5594.563 1.2093e-16
5596.098 1.0011e-16
5597.633 1.0567e-16
5599.167 1.2606e-16
5600.702 1.0872e-16
5602.237 1.0471e-16
5603.772 1.2458e-16
5605.307 1.1449e-16
5606.842 1.1477e-16
5608.376 1.2879e-16
5609.911 1.1627e-16
5611.446 1.1347e-16
5612.981 1.2017e-16
5614.516 1.2086e-16
5616.051 1.1927e-16
5617.585 1.1524e-16
5619.120 1.105e-16
5620.655 1.0968e-16
5622.190 1.0741e-16
5623.725 9.7726e-17
5625.260 1.0035e-16
5626.794 1.1699e-16
5628.329 1.3609e-16
5629.864 1.3591e-16
5631.399 1.1965e-16
5632.934 1.132e-16
5634.468 1.1882e-16
5636.003 1.0984e-16
5637.538 1.0379e-16
5639.073 1.0378e-16
5640.608 9.8287e-17
5642.143 1.0655e-16
5643.677 1.2233e-16
5645.212 1.2239e-16
5646.747 1.1257e-16
5648.282 1.1341e-16
5649.817 1.0917e-16
5651.352 1.1769e-16
5652.886 1.1089e-16
5654.421 1.0839e-16
5655.956 1.2432e-16
5657.491 1.1548e-16
5659.026 1.2545e-16
5660.561 1.3223e-16
5662.095 1.1452e-16
5663.630 1.2486e-16
5665.165 1.4227e-16
5666.700 1.3157e-16
5668.235 1.1938e-16
5669.770 1.1956e-16
5671.304 1.0916e-16
5672.839 1.1739e-16
5674.374 1.2699e-16
5675.909 1.1529e-16
5677.443 1.16e-16
5678.979 1.2348e-16
5680.513 1.2808e-16
5682.048 1.2002e-16
5683.583 1.313e-16
5685.118 1.3679e-16
5686.652 1.4658e-16
5688.188 1.2943e-16
5689.722 1.2439e-16
5691.257 1.2916e-16
5692.792 1.2068e-16
5694.327 1.3078e-16
5695.861 1.4179e-16
5697.396 1.4317e-16
5698.931 1.3222e-16
5700.466 1.3593e-16
5702.001 1.3813e-16
5703.536 1.4829e-16
5705.070 1.5508e-16
5706.605 1.4758e-16
5708.140 1.4571e-16
5709.675 1.3421e-16
5711.210 1.1666e-16
5712.745 1.2133e-16
5714.279 1.5397e-16
5715.814 1.5909e-16
5717.349 1.5714e-16
5718.884 1.3687e-16
5720.418 1.0364e-16
5721.954 1.0446e-16
5723.488 1.2036e-16
5725.023 1.3059e-16
5726.558 1.4783e-16
5728.093 1.613e-16
5729.627 1.4117e-16
5731.163 1.3885e-16
5732.697 1.3448e-16
5734.232 1.2722e-16
5735.767 1.3084e-16
5737.302 1.2919e-16
5738.836 1.3145e-16
5740.372 1.24e-16
5741.906 1.2424e-16
5743.441 1.2315e-16
5744.976 1.2741e-16
5746.511 1.2352e-16
5748.045 1.2596e-16
5749.581 1.3634e-16
5751.115 1.3495e-16
5752.650 1.2734e-16
5754.185 1.2284e-16
5755.720 1.3311e-16
5757.254 1.4489e-16
5758.789 1.3837e-16
5760.324 1.159e-16
5761.859 1.1937e-16
5763.394 1.4366e-16
5764.929 1.4461e-16
5766.463 1.2472e-16
5767.998 1.1908e-16
5769.533 1.3015e-16
5771.068 1.3983e-16
5772.603 1.3601e-16
5774.138 1.2488e-16
5775.672 1.21e-16
5777.207 1.2825e-16
5778.742 1.2925e-16
5780.277 1.1581e-16
5781.812 1.146e-16
5783.347 1.2859e-16
5784.881 1.3063e-16
5786.416 1.2207e-16
5787.951 1.216e-16
5789.486 1.4424e-16
5791.021 1.3836e-16
5792.556 1.0433e-16
5794.090 1.119e-16
5795.625 1.2416e-16
5797.160 1.1891e-16
5798.695 1.2516e-16
5800.229 1.3137e-16
5801.764 1.2689e-16
5803.299 1.1957e-16
5804.834 1.2941e-16
5806.369 1.3889e-16
5807.904 1.3277e-16
5809.438 1.2926e-16
5810.973 1.2277e-16
5812.508 1.1555e-16
5814.043 1.1057e-16
5815.578 1.1411e-16
5817.113 1.2986e-16
5818.647 1.2752e-16
5820.182 1.1401e-16
5821.717 1.1178e-16
5823.252 1.2368e-16
5824.787 1.3357e-16
5826.322 1.2894e-16
5827.856 1.1915e-16
5829.391 1.0005e-16
5830.926 1.1443e-16
5832.461 1.3343e-16
5833.996 1.3179e-16
5835.531 1.33e-16
5837.065 1.3857e-16
5838.600 1.2809e-16
5840.135 1.2078e-16
5841.670 1.369e-16
5843.205 1.4351e-16
5844.739 1.3426e-16
5846.274 1.3642e-16
5847.809 1.4871e-16
5849.344 1.4309e-16
5850.879 1.2565e-16
5852.414 1.2654e-16
5853.948 1.378e-16
5855.483 1.3498e-16
5857.018 1.3496e-16
5858.553 1.4035e-16
5860.088 1.3431e-16
5861.623 1.2281e-16
5863.157 1.3047e-16
5864.692 1.4283e-16
5866.227 1.3295e-16
5867.762 1.2269e-16
5869.297 1.297e-16
5870.832 1.4171e-16
5872.366 1.3458e-16
5873.901 1.2365e-16
5875.436 1.3523e-16
5876.971 1.5134e-16
5878.506 1.4332e-16
5880.041 1.2064e-16
5881.575 1.2344e-16
5883.110 1.5988e-16
5884.645 1.3914e-16
5886.180 1.3884e-16
5887.714 1.8255e-16
5889.250 1.9216e-16
5890.784 1.6056e-16
5892.319 1.4001e-16
5893.854 1.7176e-16
5895.389 1.9745e-16
5896.923 1.6934e-16
5898.458 1.3002e-16
5899.993 8.9228e-17
5901.528 1.2066e-16
5903.063 1.7111e-16
5904.598 1.5825e-16
5906.132 1.4448e-16
5907.667 1.4439e-16
5909.202 1.4828e-16
5910.737 1.4781e-16
5912.272 1.5248e-16
5913.807 1.564e-16
5915.341 1.5279e-16
5916.876 1.534e-16
5918.411 1.6384e-16
5919.946 1.3378e-16
5921.481 1.1942e-16
5923.016 1.4301e-16
5924.550 1.4785e-16
5926.085 1.3781e-16
5927.620 1.3105e-16
5929.155 1.4348e-16
5930.689 1.4111e-16
5932.225 1.3142e-16
5933.759 1.467e-16
5935.294 1.3638e-16
5936.829 1.0977e-16
5938.364 1.0673e-16
5939.898 1.1987e-16
5941.434 1.1083e-16
5942.968 1.2251e-16
5944.503 1.2975e-16
5946.038 1.12e-16
5947.573 1.2478e-16
5949.107 1.3272e-16
5950.643 1.2443e-16
5952.177 1.3185e-16
5953.712 1.4085e-16
5955.247 1.2999e-16
5956.782 1.0995e-16
5958.316 1.1749e-16
5959.852 1.1248e-16
5961.386 1.1183e-16
5962.921 1.2721e-16
5964.456 1.2757e-16
5965.991 1.2764e-16
5967.525 1.3775e-16
5969.060 1.3688e-16
5970.595 1.2682e-16
5972.130 1.2538e-16
5973.665 1.0268e-16
5975.200 8.6124e-17
5976.734 1.0026e-16
5978.269 1.0803e-16
5979.804 1.2033e-16
5981.339 1.1677e-16
5982.874 1.0587e-16
5984.409 1.1001e-16
5985.943 1.1495e-16
5987.478 1.2095e-16
5989.013 1.2618e-16
5990.548 1.3408e-16
5992.083 1.3e-16
5993.618 1.1155e-16
5995.152 1.0921e-16
5996.687 1.073e-16
5998.222 1.0315e-16
5999.757 1.1539e-16
6001.292 1.1957e-16
6002.827 1.1e-16
6004.361 1.0256e-16
6005.896 1.0063e-16
6007.431 1.0384e-16
6008.966 1.1268e-16
6010.500 1.1669e-16
6012.035 1.0794e-16
6013.570 1.0078e-16
6015.105 1.0411e-16
6016.640 1.0558e-16
6018.175 9.663e-17
6019.709 9.4176e-17
6021.244 1.0179e-16
6022.779 1.0285e-16
6024.314 1.1008e-16
6025.849 1.1323e-16
6027.384 1.1219e-16
6028.918 1.2524e-16
6030.453 1.252e-16
6031.988 1.134e-16
6033.523 1.0798e-16
6035.058 1.0404e-16
6036.593 1.0364e-16
6038.127 1.0239e-16
6039.662 9.729e-17
6041.197 1.0498e-16
6042.732 1.1719e-16
6044.267 1.1904e-16
6045.802 1.1301e-16
6047.336 1.21e-16
6048.871 1.2142e-16
6050.406 1.0393e-16
6051.941 1.0496e-16
6053.476 1.1419e-16
6055.010 1.1494e-16
6056.545 1.2039e-16
6058.080 1.3309e-16
6059.615 1.3587e-16
6061.150 1.1731e-16
6062.685 1.0164e-16
6064.219 1.059e-16
6065.754 1.1277e-16
6067.289 1.155e-16
6068.824 1.0461e-16
6070.359 1.023e-16
6071.894 1.0072e-16
6073.428 9.7635e-17
6074.963 1.1034e-16
6076.498 1.2377e-16
6078.033 1.2923e-16
6079.568 1.3176e-16
6081.103 1.3671e-16
6082.637 1.2952e-16
6084.172 1.2904e-16
6085.707 1.3854e-16
6087.242 1.3402e-16
6088.777 1.2844e-16
6090.312 1.2813e-16
6091.846 1.1894e-16
6093.381 1.2091e-16
6094.916 1.24e-16
6096.451 1.1946e-16
6097.985 1.1061e-16
6099.521 1.1419e-16
6101.055 1.2746e-16
6102.590 1.1555e-16
6104.125 9.8481e-17
6105.660 1.1746e-16
6107.194 1.3309e-16
6108.729 1.1595e-16
6110.264 1.1105e-16
6111.799 1.3137e-16
6113.334 1.2745e-16
6114.869 1.2296e-16
6116.403 1.2504e-16
6117.938 1.0727e-16
6119.473 1.0685e-16
6121.008 1.2347e-16
6122.543 1.2994e-16
6124.078 1.2782e-16
6125.612 1.3151e-16
6127.147 1.3756e-16
6128.682 1.3753e-16
6130.217 1.3065e-16
6131.752 1.2846e-16
6133.287 1.1211e-16
6134.821 9.2223e-17
6136.356 1.0806e-16
6137.891 1.2079e-16
6139.426 1.1745e-16
6140.960 1.2159e-16
6142.496 1.1784e-16
6144.030 1.0289e-16
6145.565 1.0028e-16
6147.100 1.1773e-16
6148.635 1.3132e-16
6150.169 1.2912e-16
6151.705 1.2182e-16
6153.239 1.2338e-16
6154.774 1.1633e-16
6156.309 1.0811e-16
6157.844 1.1596e-16
6159.378 1.0723e-16
6160.914 1.0347e-16
6162.448 1.0681e-16
6163.983 1.058e-16
6165.518 1.0019e-16
6167.053 1.0941e-16
6168.587 1.2031e-16
6170.123 1.2006e-16
6171.657 1.2056e-16
6173.192 1.22e-16
6174.727 1.1246e-16
6176.262 1.0655e-16
6177.796 1.1084e-16
6179.331 1.2211e-16
6180.866 1.1933e-16
6182.401 1.1135e-16
6183.936 1.091e-16
6185.471 1.0719e-16
6187.005 1.154e-16
6188.540 1.2409e-16
6190.075 1.1865e-16
6191.610 1.0129e-16
6193.145 1.073e-16
6194.680 1.2674e-16
6196.214 1.2981e-16
6197.749 1.2992e-16
6199.284 1.236e-16
6200.819 1.1631e-16
6202.354 1.1127e-16
6203.889 1.0025e-16
6205.423 1.0449e-16
6206.958 1.1047e-16
6208.493 1.0975e-16
6210.028 1.2568e-16
6211.562 1.3498e-16
6213.098 1.155e-16
6214.632 1.0485e-16
6216.167 1.1119e-16
6217.702 1.1241e-16
6219.237 1.2344e-16
6220.771 1.1963e-16
6222.306 1.0501e-16
6223.841 1.1754e-16
6225.376 1.2702e-16
6226.911 1.1786e-16
6228.446 1.041e-16
6229.980 8.9691e-17
6231.515 9.9459e-17
6233.050 1.2628e-16
6234.585 1.268e-16
6236.120 1.2399e-16
6237.655 1.3865e-16
6239.189 1.3505e-16
6240.724 1.2325e-16
6242.259 1.1317e-16
6243.794 1.1756e-16
6245.329 1.2525e-16
6246.864 1.1306e-16
6248.398 9.9067e-17
6249.933 1.1044e-16
6251.468 1.2843e-16
6253.003 1.3245e-16
6254.538 1.2153e-16
6256.073 1.1425e-16
6257.607 1.2204e-16
6259.142 1.3198e-16
6260.677 1.1911e-16
6262.212 1.0037e-16
6263.747 1.0049e-16
6265.281 1.0653e-16
6266.816 1.1208e-16
6268.351 1.106e-16
6269.886 1.0268e-16
6271.421 1.0533e-16
6272.956 1.146e-16
6274.490 1.2016e-16
6276.025 1.2249e-16
6277.560 1.2424e-16
6279.095 1.1643e-16
6280.630 1.0845e-16
6282.165 1.104e-16
6283.699 1.0184e-16
6285.234 9.269e-17
6286.769 1.0301e-16
6288.304 1.0425e-16
6289.839 7.8732e-17
6291.374 8.9923e-17
6292.908 1.2927e-16
6294.443 1.2854e-16
6295.978 1.1468e-16
6297.513 9.843e-17
6299.048 9.3612e-17
6300.583 9.9968e-17
6302.117 8.5365e-17
6303.652 7.8745e-17
6305.187 1.0051e-16
6306.722 1.0418e-16
6308.256 9.4292e-17
6309.792 1.127e-16
6311.326 1.2405e-16
6312.861 1.1003e-16
6314.396 9.9441e-17
6315.931 1.0372e-16
6317.465 1.1325e-16
6319.000 1.0595e-16
6320.535 9.6998e-17
6322.070 1.0252e-16
6323.605 9.7431e-17
6325.140 9.7147e-17
6326.674 1.1345e-16
6328.209 1.0531e-16
6329.744 8.962e-17
6331.279 9.6543e-17
6332.814 9.9819e-17
6334.349 1.059e-16
6335.883 1.1696e-16
6337.418 1.1772e-16
6338.953 1.1161e-16
6340.488 9.7329e-17
6342.023 1.0044e-16
6343.558 1.1085e-16
6345.092 1.0571e-16
6346.627 1.0766e-16
6348.162 1.154e-16
6349.697 1.0528e-16
6351.231 9.442e-17
6352.767 1.05e-16
6354.301 1.0676e-16
6355.836 9.9407e-17
6357.371 1.0756e-16
6358.906 1.1404e-16
6360.440 1.1691e-16
6361.976 1.0834e-16
6363.510 1.0522e-16
6365.045 1.1709e-16
6366.580 1.0302e-16
6368.115 9.9833e-17
6369.649 1.1947e-16
6371.185 1.1479e-16
6372.719 1.1637e-16
6374.254 1.1417e-16
6375.789 1.0131e-16
6377.324 1.0606e-16
6378.858 1.1778e-16
6380.394 1.2312e-16
6381.928 1.2349e-16
6383.463 1.0461e-16
6384.998 1.051e-16
6386.533 1.1998e-16
6388.067 1.1177e-16
6389.602 1.1554e-16
6391.137 1.1759e-16
6392.672 1.1838e-16
6394.207 1.2588e-16
6395.742 1.2283e-16
6397.276 1.0388e-16
6398.811 1.0943e-16
6400.346 1.1464e-16
6401.881 1.0555e-16
6403.416 1.1405e-16
6404.951 1.1046e-16
6406.485 9.9652e-17
6408.020 9.5277e-17
6409.555 1.0464e-16
6411.090 1.1732e-16
6412.625 1.236e-16
6414.160 1.1706e-16
6415.694 1.0218e-16
6417.229 1.0088e-16
6418.764 1.0561e-16
6420.299 1.1922e-16
6421.833 1.2287e-16
6423.369 1.2254e-16
6424.903 1.228e-16
6426.438 1.1245e-16
6427.973 1.1669e-16
6429.508 1.141e-16
6431.042 1.0654e-16
6432.577 1.0981e-16
6434.112 1.1738e-16
6435.647 1.1568e-16
6437.182 1.0823e-16
6438.717 1.0076e-16
6440.251 1.1043e-16
6441.786 1.119e-16
6443.321 1.0271e-16
6444.856 1.1545e-16
6446.391 1.2399e-16
6447.926 1.1397e-16
6449.460 1.0529e-16
6450.995 1.1374e-16
6452.530 1.1335e-16
6454.065 1.0521e-16
6455.600 1.1612e-16
6457.135 1.2024e-16
6458.669 1.2078e-16
6460.204 1.1317e-16
6461.739 1.0957e-16
6463.274 1.2392e-16
6464.809 1.266e-16
6466.344 1.0675e-16
6467.878 1.1106e-16
6469.413 1.2086e-16
6470.948 1.1485e-16
6472.483 1.1213e-16
6474.018 1.2632e-16
6475.552 1.1237e-16
6477.087 9.4148e-17
6478.622 9.8304e-17
6480.157 1.0188e-16
6481.692 1.0679e-16
6483.227 1.0899e-16
6484.761 1.0553e-16
6486.296 9.6157e-17
6487.831 1.0296e-16
6489.366 1.0596e-16
6490.901 1.0182e-16
6492.436 9.9457e-17
6493.970 9.9423e-17
6495.505 1.1443e-16
6497.040 1.2188e-16
6498.575 1.0234e-16
6500.110 9.0186e-17
6501.645 1.0017e-16
6503.179 9.7232e-17
6504.714 9.4844e-17
6506.249 9.879e-17
6507.784 1.0849e-16
6509.319 1.1491e-16
6510.854 1.0512e-16
6512.388 1.0235e-16
6513.923 1.0834e-16
6515.458 1.1671e-16
6516.993 1.1668e-16
6518.527 1.0794e-16
6520.062 1.0774e-16
6521.597 9.7161e-17
6523.132 8.5908e-17
6524.667 9.7292e-17
6526.202 9.9909e-17
6527.736 1.0003e-16
6529.271 1.1129e-16
6530.806 1.2285e-16
6532.341 1.2216e-16
6533.876 1.0862e-16
6535.411 1.004e-16
6536.945 9.8834e-17
6538.480 9.8446e-17
6540.015 9.8298e-17
6541.550 1.0351e-16
6543.085 1.1686e-16
6544.620 1.1739e-16
6546.154 1.1613e-16
6547.689 1.2209e-16
6549.224 1.1864e-16
6550.759 1.0178e-16
6552.293 1.0577e-16
6553.829 1.1696e-16
6555.363 1.1981e-16
6556.898 1.326e-16
6558.433 1.252e-16
6559.968 1.2754e-16
6561.502 1.4134e-16
6563.038 1.3427e-16
6564.572 1.2035e-16
6566.107 1.2231e-16
6567.642 1.2615e-16
6569.177 1.1493e-16
6570.711 1.0885e-16
6572.247 1.1212e-16
6573.781 1.2044e-16
6575.316 1.1368e-16
6576.851 9.8463e-17
6578.386 9.0117e-17
6579.920 8.2929e-17
6581.456 9.2551e-17
6582.990 1.0961e-16
6584.525 9.8644e-17
6586.060 9.1703e-17
6587.595 9.7775e-17
6589.129 9.9459e-17
6590.665 1.0099e-16
6592.199 1.0123e-16
6593.734 1.0367e-16
6595.269 9.7881e-17
6596.804 1.0361e-16
6598.338 1.1338e-16
6599.873 1.0515e-16
6601.408 1.0323e-16
6602.943 1.0508e-16
6604.478 1.0482e-16
6606.013 9.8014e-17
6607.547 9.316e-17
6609.082 9.8978e-17
6610.617 1.0611e-16
6612.152 1.0286e-16
6613.687 1.0229e-16
6615.222 1.0239e-16
6616.756 9.832e-17
6618.291 9.8951e-17
6619.826 1.0715e-16
6621.361 1.036e-16
6622.896 9.6542e-17
6624.431 9.1744e-17
6625.965 9.3461e-17
6627.500 1.0027e-16
6629.035 1.0985e-16
6630.570 1.1105e-16
6632.104 1.103e-16
6633.640 1.0648e-16
6635.174 1.0682e-16
6636.709 1.0961e-16
6638.244 9.9562e-17
6639.779 1.0219e-16
6641.313 1.1437e-16
6642.848 1.0612e-16
6644.383 9.8068e-17
6645.918 9.1859e-17
6647.453 9.8057e-17
6648.988 1.063e-16
6650.522 1.0905e-16
6652.057 1.0364e-16
6653.592 1.0283e-16
6655.127 9.7338e-17
6656.662 9.077e-17
6658.197 1.015e-16
6659.731 1.0467e-16
6661.266 9.503e-17
6662.801 9.8717e-17
6664.336 1.0425e-16
6665.871 1.0509e-16
6667.406 1.1465e-16
6668.940 1.0933e-16
6670.475 9.7787e-17
6672.010 1.0468e-16
6673.545 1.1039e-16
6675.080 1.1005e-16
6676.615 1.0663e-16
6678.149 1.0331e-16
6679.684 1.0734e-16
6681.219 1.0863e-16
6682.754 1.0254e-16
6684.289 1.1147e-16
6685.823 1.0891e-16
6687.358 1.0598e-16
6688.893 1.0215e-16
6690.428 1.0246e-16
6691.963 1.118e-16
6693.498 1.1269e-16
6695.032 1.1193e-16
6696.567 1.0032e-16
6698.102 9.195e-17
6699.637 9.2065e-17
6701.172 9.674e-17
6702.707 9.4265e-17
6704.241 1.0083e-16
6705.776 1.0435e-16
6707.311 9.2652e-17
6708.846 9.155e-17
6710.381 1.0109e-16
6711.916 1.0388e-16
6713.450 1.0845e-16
6714.985 1.1873e-16
6716.520 1.1399e-16
6718.055 1.041e-16
6719.590 9.588e-17
6721.125 9.5227e-17
6722.659 1.0914e-16
6724.194 1.1496e-16
6725.729 1.0779e-16
6727.264 1.0696e-16
6728.798 1.0985e-16
6730.333 1.0708e-16
6731.868 1.1026e-16
6733.403 1.1773e-16
6734.938 1.1447e-16
6736.473 1.0259e-16
6738.007 1.0043e-16
6739.542 1.1111e-16
6741.077 1.1485e-16
6742.612 1.106e-16
6744.147 1.0809e-16
6745.682 1.1129e-16
6747.216 1.122e-16
6748.751 1.0848e-16
6750.286 1.0654e-16
6751.821 1.1092e-16
6753.356 1.2111e-16
6754.891 1.2107e-16
6756.425 1.1578e-16
6757.960 1.1176e-16
6759.495 1.0352e-16
6761.030 1.001e-16
6762.564 1.0017e-16
6764.100 1.027e-16
6765.634 1.0752e-16
6767.169 1.0629e-16
6768.704 1.0611e-16
6770.239 1.1586e-16
6771.773 1.2161e-16
6773.309 1.1657e-16
6774.843 1.161e-16
6776.378 1.151e-16
6777.913 1.1544e-16
6779.448 1.1114e-16
6780.982 1.0249e-16
6782.518 1.1409e-16
6784.052 1.1359e-16
6785.587 1.098e-16
6787.122 1.0743e-16
6788.657 1.1303e-16
6790.191 1.1235e-16
6791.727 1.0302e-16
6793.261 1.0899e-16
6794.796 1.1844e-16
6796.331 1.1356e-16
6797.866 1.0796e-16
6799.400 1.025e-16
6800.936 9.8541e-17
6802.470 1.0663e-16
6804.005 1.1556e-16
6805.540 1.1377e-16
6807.075 1.0974e-16
6808.609 1.142e-16
6810.144 1.1764e-16
6811.679 1.1551e-16
6813.214 1.1085e-16
6814.749 1.1138e-16
6816.284 1.0937e-16
6817.818 1.0527e-16
6819.353 1.0502e-16
6820.888 1.1412e-16
6822.423 1.2184e-16
6823.958 1.1599e-16
6825.493 1.1155e-16
6827.027 1.2603e-16
6828.562 1.346e-16
6830.097 1.2493e-16
6831.632 1.1772e-16
6833.167 1.0946e-16
6834.702 1.0636e-16
6836.236 1.1043e-16
6837.771 1.1814e-16
6839.306 1.2102e-16
6840.841 1.1127e-16
6842.375 1.1379e-16
6843.911 1.1096e-16
6845.445 9.8983e-17
6846.980 1.0818e-16
6848.515 1.1607e-16
6850.050 1.0588e-16
6851.584 1.0272e-16
6853.119 1.0953e-16
6854.654 1.0833e-16
6856.189 1.243e-16
6857.724 1.2486e-16
6859.259 1.0872e-16
6860.793 1.1814e-16
6862.328 1.1821e-16
6863.863 1.0404e-16
6865.398 9.0734e-17
6866.933 9.2244e-17
6868.468 1.2744e-16
6870.002 1.5223e-16
6871.537 1.5628e-16
6873.072 1.7877e-16
6874.607 1.829e-16
6876.142 1.6016e-16
6877.677 1.4311e-16
6879.211 1.3091e-16
6880.746 1.209e-16
6882.281 1.2038e-16
6883.816 1.1378e-16
6885.351 1.1228e-16
6886.886 1.1925e-16
6888.420 1.2154e-16
6889.955 1.1739e-16
6891.490 1.1724e-16
6893.025 1.2599e-16
6894.560 1.2363e-16
6896.094 1.1276e-16
6897.629 1.1584e-16
6899.164 1.252e-16
6900.699 1.2111e-16
6902.234 1.0923e-16
6903.769 1.1149e-16
6905.303 1.2613e-16
6906.838 1.2426e-16
6908.373 1.2111e-16
6909.908 1.2381e-16
6911.443 1.2158e-16
6912.978 1.2696e-16
6914.512 1.3012e-16
6916.047 1.2917e-16
6917.582 1.2866e-16
6919.117 1.2614e-16
6920.652 1.3385e-16
6922.187 1.3284e-16
6923.721 1.272e-16
6925.256 1.1399e-16
6926.791 1.094e-16
6928.326 1.0591e-16
6929.860 1.0794e-16
6931.396 1.2126e-16
6932.930 1.1789e-16
6934.465 1.1451e-16
6936.000 1.1429e-16
6937.535 1.1814e-16
6939.069 1.2903e-16
6940.604 1.1547e-16
6942.139 1.0776e-16
6943.674 1.1124e-16
6945.209 1.1312e-16
6946.744 1.1012e-16
6948.278 9.7227e-17
6949.813 1.034e-16
6951.348 1.1344e-16
6952.883 1.1186e-16
6954.418 1.1044e-16
6955.953 1.0794e-16
6957.487 1.1377e-16
6959.022 1.1673e-16
6960.557 1.1367e-16
6962.092 1.0831e-16
6963.627 1.1034e-16
6965.162 1.2183e-16
6966.696 1.2158e-16
6968.231 1.2207e-16
6969.766 1.2266e-16
6971.301 1.3197e-16
6972.835 1.259e-16
6974.371 1.1076e-16
6975.905 1.0799e-16
6977.440 1.1261e-16
6978.975 1.1409e-16
6980.510 1.131e-16
6982.044 1.0489e-16
6983.580 9.736e-17
6985.114 1.0097e-16
6986.649 1.0204e-16
6988.184 1.0065e-16
6989.719 1.0349e-16
6991.253 1.0675e-16
6992.789 1.0284e-16
6994.323 1.0254e-16
6995.858 1.1553e-16
6997.393 1.1756e-16
6998.928 1.0796e-16
7000.462 1.086e-16
7001.998 1.1167e-16
7003.532 1.0955e-16
7005.067 9.9613e-17
7006.602 9.7881e-17
7008.137 1.0926e-16
7009.671 1.0948e-16
7011.207 1e-16
7012.741 9.6125e-17
7014.276 1.0191e-16
7015.811 1.0414e-16
7017.346 1.0052e-16
7018.880 9.4421e-17
7020.415 1.0018e-16
7021.950 1.0767e-16
7023.485 1.1229e-16
7025.020 1.168e-16
7026.555 1.1324e-16
7028.089 1.1462e-16
7029.624 1.1995e-16
7031.159 1.2096e-16
7032.694 1.2665e-16
7034.229 1.294e-16
7035.764 1.2852e-16
7037.298 1.3238e-16
7038.833 1.2237e-16
7040.368 1.0518e-16
7041.903 1.0106e-16
7043.438 1.0385e-16
7044.973 1.1064e-16
7046.507 1.1437e-16
7048.042 1.1927e-16
7049.577 1.1775e-16
7051.112 1.1658e-16
7052.646 1.2321e-16
7054.182 1.2031e-16
7055.716 1.1927e-16
7057.251 1.1787e-16
7058.786 1.1067e-16
7060.321 1.0638e-16
7061.855 1.0949e-16
7063.390 1.1754e-16
7064.925 1.2077e-16
7066.460 1.1828e-16
7067.995 1.0769e-16
7069.530 1.0714e-16
7071.064 1.0566e-16
7072.599 1.0578e-16
7074.134 1.0707e-16
7075.669 1.0428e-16
7077.204 1.054e-16
7078.739 1.0995e-16
7080.273 1.0991e-16
7081.808 1.0921e-16
7083.343 1.1265e-16
7084.878 1.0779e-16
7086.413 1.0224e-16
7087.948 9.8128e-17
7089.482 9.8243e-17
7091.017 1.0014e-16
7092.552 1.0491e-16
7094.087 1.0955e-16
7095.622 1.0468e-16
7097.157 9.0246e-17
7098.691 9.5198e-17
7100.226 1.0881e-16
7101.761 1.0087e-16
7103.296 9.5532e-17
7104.831 1.1044e-16
7106.365 1.1144e-16
7107.900 9.5724e-17
7109.435 1.0072e-16
7110.970 1.1252e-16
7112.505 1.0561e-16
7114.040 9.9375e-17
7115.574 1.0111e-16
7117.109 9.8105e-17
7118.644 9.088e-17
7120.179 9.1524e-17
7121.714 1.009e-16
7123.249 1.0726e-16
7124.783 1.0316e-16
7126.318 9.9338e-17
7127.853 1.0444e-16
7129.388 1.0871e-16
7130.923 1.0494e-16
7132.458 1.0367e-16
7133.992 1.0243e-16
7135.527 1.0248e-16
7137.062 9.3841e-17
7138.597 8.6658e-17
7140.131 9.305e-17
7141.667 9.4132e-17
7143.201 9.6581e-17
7144.736 1.0556e-16
7146.271 1.093e-16
7147.806 1.0752e-16
7149.340 1.0568e-16
7150.875 1.0462e-16
7152.410 9.643e-17
7153.945 9.7324e-17
7155.480 1.0523e-16
7157.015 9.6866e-17
7158.549 9.2312e-17
7160.084 1.0154e-16
7161.619 1.0855e-16
7163.154 1.041e-16
7164.689 1.0018e-16
7166.224 9.945e-17
7167.758 9.3939e-17
7169.293 9.8187e-17
7170.828 1.0429e-16
7172.363 9.6272e-17
7173.898 9.2218e-17
7175.433 9.6327e-17
7176.967 9.8962e-17
7178.502 9.7161e-17
7180.037 9.3623e-17
7181.572 9.7631e-17
7183.106 9.6966e-17
7184.642 8.8901e-17
7186.176 9.583e-17
7187.711 1.0301e-16
7189.246 9.7069e-17
7190.781 9.8685e-17
7192.315 1.0646e-16
7193.851 1.0767e-16
7195.385 1.068e-16
7196.920 8.8587e-17
7198.455 7.9939e-17
7199.990 9.7235e-17
7201.524 8.963e-17
7203.060 8.4235e-17
7204.594 9.165e-17
7206.129 8.8905e-17
7207.664 9.5427e-17
7209.199 1.0425e-16
7210.733 1.0515e-16
7212.269 1.1018e-16
7213.803 1.1109e-16
7215.338 1.0735e-16
7216.873 1.2493e-16
7218.408 1.2899e-16
7219.942 1.058e-16
7221.478 1.0252e-16
7223.012 1.0451e-16
7224.547 9.5429e-17
7226.082 9.7498e-17
7227.617 1.0667e-16
7229.151 1.075e-16
7230.686 1.0218e-16
7232.221 1.074e-16
7233.756 1.1194e-16
7235.291 1.0684e-16
7236.826 1.092e-16
7238.360 1.0656e-16
7239.895 9.498e-17
7241.430 9.2404e-17
7242.965 9.7883e-17
7244.500 9.9876e-17
7246.035 8.2725e-17
7247.569 8.5502e-17
7249.104 9.8948e-17
7250.639 8.9762e-17
7252.174 9.627e-17
7253.708 1.0186e-16
7255.244 9.9514e-17
7256.778 1.0763e-16
7258.313 9.4471e-17
7259.848 7.7421e-17
7261.383 8.3736e-17
7262.917 9.5207e-17
7264.453 1.0537e-16
7265.987 1.0995e-16
7267.522 1.0773e-16
7269.057 1.0978e-16
7270.592 1.1978e-16
7272.126 1.1511e-16
7273.661 1.0187e-16
7275.196 9.2574e-17
7276.731 9.2233e-17
7278.266 9.6359e-17
7279.801 9.5381e-17
7281.335 9.679e-17
7282.870 9.7406e-17
7284.405 9.525e-17
7285.940 1.0178e-16
7287.475 1.1179e-16
7289.010 1.1086e-16
7290.544 1.0908e-16
7292.079 1.1117e-16
7293.614 1.0201e-16
7295.149 1.0302e-16
7296.684 1.0721e-16
7298.219 1.0248e-16
7299.753 1.1603e-16
7301.288 1.2461e-16
7302.823 1.2082e-16
7304.358 1.2023e-16
7305.893 1.0297e-16
7307.427 1.0108e-16
7308.962 1.0833e-16
7310.497 1.1e-16
7312.032 1.101e-16
7313.567 1.1127e-16
7315.102 1.0133e-16
7316.636 8.9503e-17
7318.171 8.5672e-17
7319.706 9.5449e-17
7321.241 9.8939e-17
7322.776 9.7427e-17
7324.311 8.9921e-17
7325.845 9.4045e-17
7327.380 9.7248e-17
7328.915 8.8828e-17
7330.450 9.21e-17
7331.985 9.198e-17
7333.520 1.0422e-16
7335.054 9.9592e-17
7336.589 1.0965e-16
7338.124 1.3302e-16
7339.659 1.1018e-16
7341.194 8.6245e-17
7342.729 9.5908e-17
7344.263 9.7814e-17
7345.798 9.0496e-17
7347.333 1.0476e-16
7348.868 1.044e-16
7350.402 1.0207e-16
7351.938 9.7298e-17
7353.472 9.023e-17
7355.007 1.066e-16
7356.542 1.1195e-16
7358.077 9.6733e-17
7359.611 9.5633e-17
7361.146 9.7283e-17
7362.681 9.9193e-17
7364.216 9.8894e-17
7365.751 9.2445e-17
7367.286 9.731e-17
7368.820 1.0272e-16
7370.355 9.4546e-17
7371.890 9.1664e-17
7373.425 1.0042e-16
7374.960 1.0809e-16
7376.495 1.0909e-16
7378.029 9.9929e-17
7379.564 9.4521e-17
7381.099 9.637e-17
7382.634 9.7148e-17
7384.169 9.9743e-17
7385.704 1.0242e-16
7387.238 1.0993e-16
7388.773 1.1131e-16
7390.308 1.0229e-16
7391.843 9.6973e-17
7393.377 1.0255e-16
7394.913 1.0321e-16
7396.447 1.0541e-16
7397.982 1.0167e-16
7399.517 1.0112e-16
7401.052 1.0038e-16
7402.586 9.3334e-17
7404.122 9.5191e-17
7405.656 1.0003e-16
7407.191 9.6416e-17
7408.726 9.4766e-17
7410.261 9.6788e-17
7411.795 1.0007e-16
7413.331 1.0367e-16
7414.865 9.6355e-17
7416.400 1.0236e-16
7417.935 1.0606e-16
7419.470 9.4588e-17
7421.004 8.9487e-17
7422.540 9.8373e-17
7424.074 9.6911e-17
7425.609 8.3544e-17
7427.144 7.9259e-17
7428.679 8.9428e-17
7430.213 1.0722e-16
7431.749 9.7537e-17
7433.283 9.2952e-17
7434.818 1.0166e-16
7436.353 9.6675e-17
7437.888 9.7919e-17
7439.422 8.5301e-17
7440.957 7.8837e-17
7442.492 9.7239e-17
7444.027 1.0252e-16
7445.562 9.6964e-17
7447.097 9.657e-17
7448.631 8.913e-17
7450.166 9.8142e-17
7451.701 1.041e-16
7453.236 8.8978e-17
7454.771 7.9227e-17
7456.306 8.6508e-17
7457.840 9.7816e-17
7459.375 9.7668e-17
7460.910 8.9849e-17
7462.445 9.5138e-17
7463.979 1.0557e-16
7465.515 9.9185e-17
7467.049 9.6008e-17
7468.584 9.684e-17
7470.119 8.1053e-17
7471.654 9.1864e-17
7473.188 9.9796e-17
7474.724 9.3658e-17
7476.258 1.0297e-16
7477.793 1.0609e-16
7479.328 1.0542e-16
7480.863 1.0919e-16
7482.397 1.0535e-16
7483.932 1.0024e-16
7485.467 9.3e-17
7487.002 8.8969e-17
7488.537 8.5587e-17
7490.072 8.015e-17
7491.606 8.9295e-17
7493.141 9.646e-17
7494.676 9.1407e-17
7496.211 9.4047e-17
7497.746 9.1827e-17
7499.281 8.58e-17
7500.815 8.726e-17
7502.350 9.4288e-17
7503.885 1.0256e-16
7505.420 9.7372e-17
7506.955 8.8555e-17
7508.490 8.9256e-17
7510.024 9.8811e-17
7511.559 1.0458e-16
7513.094 1.0045e-16
7514.629 9.1485e-17
7516.164 9.2565e-17
7517.698 1.0215e-16
7519.233 1.0163e-16
7520.768 1.0831e-16
7522.303 1.1253e-16
7523.838 1.0307e-16
7525.373 9.7778e-17
7526.907 8.7844e-17
7528.442 7.8069e-17
7529.977 8.0116e-17
7531.512 9.3694e-17
7533.047 1.0103e-16
7534.582 9.2122e-17
7536.116 9.5051e-17
7537.651 1.0704e-16
7539.186 9.6843e-17
7540.721 9.3154e-17
7542.256 1.0409e-16
7543.791 1.0674e-16
7545.325 1.0246e-16
7546.860 9.5344e-17
7548.395 9.0839e-17
7549.930 8.3525e-17
7551.465 8.5228e-17
7553.000 9.6458e-17
7554.534 9.7431e-17
7556.069 1.013e-16
7557.604 1.0552e-16
7559.139 1.0068e-16
7560.673 9.9287e-17
7562.208 9.7954e-17
7563.743 1.0126e-16
7565.278 1.0652e-16
7566.813 1.0834e-16
7568.348 1.0851e-16
7569.882 1.0079e-16
7571.417 9.6013e-17
7572.952 1.012e-16
7574.487 1.105e-16
7576.022 1.0655e-16
7577.557 9.4505e-17
7579.091 9.6508e-17
7580.626 1.0295e-16
7582.161 1.0072e-16
7583.696 9.5532e-17
7585.231 1.0173e-16
7586.766 1.0881e-16
7588.300 1.0466e-16
7589.835 9.8635e-17
7591.370 9.3909e-17
7592.905 8.6449e-17
7594.440 7.792e-17
7595.975 8.271e-17
7597.509 8.8507e-17
7599.044 7.7799e-17
7600.579 5.406e-17
7602.114 5.2514e-17
7603.648 7.0581e-17
7605.184 6.7674e-17
7606.718 6.9518e-17
7608.253 8.4668e-17
7609.788 9.4531e-17
7611.323 9.8023e-17
7612.857 8.6554e-17
7614.393 8.6254e-17
7615.927 9.5099e-17
7617.462 8.5468e-17
7618.997 6.9688e-17
7620.532 7.1177e-17
7622.066 7.3645e-17
7623.602 8.0615e-17
7625.136 9.3578e-17
7626.671 8.377e-17
7628.206 7.6942e-17
7629.741 8.2144e-17
7631.275 9.0356e-17
7632.811 8.9636e-17
7634.345 8.9151e-17
7635.880 9.7489e-17
7637.415 9.1073e-17
7638.950 8.768e-17
7640.484 8.8899e-17
7642.020 8.2288e-17
7643.554 8.7423e-17
7645.089 9.1882e-17
7646.624 1.0165e-16
7648.159 1.0248e-16
7649.693 9.3772e-17
7651.228 9.412e-17
7652.763 8.6162e-17
7654.298 8.2223e-17
7655.833 9.5857e-17
7657.368 1.0459e-16
7658.902 9.9934e-17
7660.437 9.4036e-17
7661.972 9.8797e-17
7663.507 9.3548e-17
7665.042 8.7861e-17
7666.577 9.2221e-17
7668.111 9.1004e-17
7669.646 9.6893e-17
7671.181 9.8726e-17
7672.716 9.4074e-17
7674.250 9.7592e-17
7675.786 1.0279e-16
7677.320 1.0102e-16
7678.855 9.6089e-17
7680.390 9.5938e-17
7681.925 9.6875e-17
7683.459 9.5679e-17
7684.994 1.0429e-16
7686.529 1.0249e-16
7688.064 9.8478e-17
7689.599 9.8458e-17
7691.134 9.3147e-17
7692.668 8.96e-17
7694.203 9.1229e-17
7695.738 9.4356e-17
7697.273 9.7381e-17
7698.808 9.3234e-17
7700.343 9.0457e-17
7701.877 9.0574e-17
7703.412 8.3711e-17
7704.947 8.5173e-17
7706.482 1.0397e-16
7708.017 1.0238e-16
7709.552 9.7574e-17
7711.086 1.0253e-16
7712.621 1.0696e-16
7714.156 1.0286e-16
7715.691 9.4356e-17
7717.226 8.9009e-17
7718.761 9.2938e-17
7720.295 9.8488e-17
7721.830 9.7968e-17
7723.365 9.8149e-17
7724.900 9.1712e-17
7726.435 9.3935e-17
7727.969 9.297e-17
7729.504 8.6747e-17
7731.039 9.0546e-17
7732.574 9.0759e-17
7734.109 9.1879e-17
7735.644 1.0037e-16
7737.178 9.9063e-17
7738.713 9.7523e-17
7740.248 9.2232e-17
7741.783 9.2569e-17
7743.318 1.0455e-16
7744.853 1.141e-16
7746.387 1.1603e-16
7747.922 1.1426e-16
7749.457 1.0725e-16
7750.992 1.0412e-16
7752.527 8.7019e-17
7754.062 9.3802e-17
7755.596 1.1538e-16
7757.131 1.044e-16
7758.666 8.5729e-17
7760.201 8.2558e-17
7761.736 9.1902e-17
7763.271 9.7541e-17
7764.805 9.5592e-17
7766.340 1.0304e-16
7767.875 1.0981e-16
7769.410 1.0322e-16
7770.944 9.8795e-17
7772.479 1.0137e-16
7774.014 1.0627e-16
7775.549 1.1652e-16
7777.084 1.155e-16
7778.619 1.0299e-16
7780.153 9.7975e-17
7781.688 9.8444e-17
7783.223 9.956e-17
7784.758 1.0046e-16
7786.293 1.051e-16
7787.828 1.1666e-16
7789.362 1.1339e-16
7790.897 1.027e-16
7792.432 9.3649e-17
7793.967 9.6034e-17
7795.502 9.9452e-17
7797.037 8.9331e-17
7798.571 8.2749e-17
7800.106 9.2466e-17
7801.641 1.0309e-16
7803.176 9.8371e-17
7804.711 9.5644e-17
7806.246 9.4546e-17
7807.780 9.6975e-17
7809.315 9.8116e-17
7810.850 8.7822e-17
7812.385 8.6366e-17
7813.919 1.041e-16
7815.455 1.0916e-16
7816.989 9.7086e-17
7818.524 9.2132e-17
7820.059 9.1224e-17
7821.594 9.2359e-17
7823.128 9.9959e-17
7824.664 1.022e-16
7826.198 9.2863e-17
7827.733 8.3757e-17
7829.268 8.9872e-17
7830.803 9.5764e-17
7832.337 9.3914e-17
7833.873 9.0754e-17
7835.407 8.7964e-17
7836.942 9.1545e-17
7838.477 8.4849e-17
7840.012 7.7565e-17
7841.546 8.1877e-17
7843.082 7.828e-17
7844.616 7.4215e-17
7846.151 7.844e-17
7847.686 7.674e-17
7849.221 6.6746e-17
7850.755 6.3577e-17
7852.291 7.3782e-17
7853.825 9.0649e-17
7855.360 9.5005e-17
7856.895 8.0846e-17
7858.430 7.3138e-17
7859.964 7.5459e-17
7861.499 7.0739e-17
7863.034 7.3587e-17
7864.569 7.9039e-17
7866.104 8.2631e-17
7867.639 7.8228e-17
7869.173 6.1721e-17
7870.708 6.9011e-17
7872.243 8.078e-17
7873.778 7.2169e-17
7875.312 7.1294e-17
7876.848 6.9632e-17
7878.382 6.6088e-17
7879.917 6.9186e-17
7881.452 7.8876e-17
7882.987 8.6756e-17
7884.521 7.2471e-17
7886.057 6.2651e-17
7887.591 7.433e-17
7889.126 7.1862e-17
7890.661 6.2988e-17
7892.196 6.169e-17
7893.730 5.4597e-17
7895.265 5.8696e-17
7896.800 6.2316e-17
7898.335 6.958e-17
7899.870 7.2337e-17
7901.405 6.3801e-17
7902.939 6.7504e-17
7904.474 7.1583e-17
7906.009 7.1874e-17
7907.544 7.771e-17
7909.079 8.5892e-17
7910.614 8.8394e-17
7912.148 7.1892e-17
7913.683 6.3093e-17
7915.218 6.7942e-17
7916.753 6.5776e-17
7918.288 4.9585e-17
7919.823 4.3451e-17
7921.357 6.513e-17
7922.892 6.8624e-17
7924.427 6.1264e-17
7925.962 7.0006e-17
7927.497 7.6869e-17
7929.032 6.1304e-17
7930.566 6.0497e-17
7932.101 7.5842e-17
7933.636 7.1511e-17
7935.171 6.8358e-17
7936.706 6.2548e-17
7938.240 5.4099e-17
7939.775 5.9665e-17
7941.310 6.4264e-17
7942.845 6.0376e-17
7944.380 6.5496e-17
7945.915 6.3047e-17
7947.449 5.936e-17
7948.984 5.719e-17
7950.519 5.5845e-17
7952.054 6.5543e-17
7953.589 6.9399e-17
7955.124 6.2289e-17
7956.658 6.8349e-17
7958.193 7.6087e-17
7959.728 6.499e-17
7961.263 6.1949e-17
7962.798 7.9557e-17
7964.333 8.5814e-17
7965.867 7.5544e-17
7967.402 7.279e-17
7968.937 6.5723e-17
7970.472 5.5776e-17
7972.007 5.7926e-17
7973.542 7.9128e-17
7975.076 9.5147e-17
7976.611 7.9822e-17
7978.146 6.1681e-17
7979.681 6.4985e-17
7981.215 7.1858e-17
7982.750 7.9107e-17
7984.285 8.5285e-17
7985.820 7.8193e-17
7987.355 8.1609e-17
7988.890 9.2556e-17
7990.424 8.8979e-17
7991.959 9.198e-17
7993.494 9.8735e-17
7995.029 8.234e-17
7996.564 6.4537e-17
7998.099 7.2093e-17
7999.633 7.9816e-17
8001.168 8.135e-17
8002.703 8.8058e-17
8004.238 8.3582e-17
8005.773 7.8335e-17
8007.308 8.9302e-17
8008.842 8.7558e-17
8010.377 8.0175e-17
8011.912 8.5649e-17
8013.447 9.6994e-17
8014.982 9.2505e-17
8016.517 7.8335e-17
8018.051 7.364e-17
8019.586 8.7423e-17
8021.121 1.0295e-16
8022.656 9.6517e-17
8024.190 7.6087e-17
8025.726 6.4209e-17
8027.260 8.1683e-17
8028.795 9.7384e-17
8030.330 9.7115e-17
8031.865 8.9721e-17
8033.399 8.5649e-17
8034.935 9.8185e-17
8036.469 9.3073e-17
8038.004 8.5193e-17
8039.539 9.2739e-17
8041.074 9.2333e-17
8042.608 9.7862e-17
8044.144 1.0173e-16
8045.678 9.5498e-17
8047.213 8.7519e-17
8048.748 8.2895e-17
8050.283 8.8351e-17
8051.817 9.41e-17
8053.353 9.2058e-17
8054.887 9.2159e-17
8056.422 9.2718e-17
8057.957 9.5615e-17
8059.492 1.0721e-16
8061.026 1.1024e-16
8062.561 1.048e-16
8064.096 1.0225e-16
8065.631 9.7195e-17
8067.166 8.6268e-17
8068.701 8.0688e-17
8070.235 8.57e-17
8071.770 9.3034e-17
8073.305 9.9187e-17
8074.840 1.0231e-16
8076.375 1.0082e-16
8077.910 9.5133e-17
8079.444 8.7581e-17
8080.979 8.7787e-17
8082.514 9.6641e-17
8084.049 9.6192e-17
8085.583 9.0903e-17
8087.119 9.0669e-17
8088.653 8.9977e-17
8090.188 9.7601e-17
8091.723 1.0149e-16
8093.258 9.4066e-17
8094.792 8.9851e-17
8096.328 9.5931e-17
8097.862 9.6897e-17
8099.397 9.1907e-17
8100.932 9.0298e-17
8102.467 9.3774e-17
8104.001 9.8229e-17
8105.536 1.039e-16
8107.071 1.0886e-16
8108.606 9.939e-17
8110.141 9.1497e-17
8111.676 9.5035e-17
8113.210 1.0301e-16
8114.745 1.0842e-16
8116.280 1.0415e-16
8117.815 1.0281e-16
8119.350 1.0217e-16
8120.885 9.4677e-17
8122.419 8.8905e-17
8123.954 9.7097e-17
8125.489 1.0122e-16
8127.024 9.514e-17
8128.559 9.5811e-17
8130.094 1.0112e-16
8131.628 9.8433e-17
8133.163 1.0206e-16
8134.698 1.1266e-16
8136.233 1.0959e-16
8137.768 1.0466e-16
8139.303 1.0256e-16
8140.837 9.9391e-17
8142.372 1.0229e-16
8143.907 1.0203e-16
8145.442 9.034e-17
8146.977 9.0573e-17
8148.511 1.1173e-16
8150.046 1.2061e-16
8151.581 1.0193e-16
8153.116 9.7005e-17
8154.651 1.0293e-16
8156.186 1.0626e-16
8157.720 1.0986e-16
8159.255 1.1074e-16
8160.790 1.0112e-16
8162.325 1.0296e-16
8163.860 1.054e-16
8165.395 1.0078e-16
8166.929 1.0976e-16
8168.464 1.1002e-16
8169.999 1.0169e-16
8171.534 1.0399e-16
8173.069 1.1014e-16
8174.604 1.0754e-16
8176.138 1.1174e-16
8177.673 1.2008e-16
8179.208 1.2232e-16
8180.743 1.2071e-16
8182.278 1.1296e-16
8183.812 1.1491e-16
8185.347 1.073e-16
8186.882 9.5197e-17
8188.417 1.0898e-16
8189.952 1.2101e-16
8191.486 1.1828e-16
8193.021 1.0849e-16
8194.557 1.0625e-16
8196.091 1.0715e-16
8197.626 9.7211e-17
8199.161 1.0124e-16
8200.695 1.0734e-16
8202.230 1.0308e-16
8203.766 1.0464e-16
8205.300 1.088e-16
8206.835 9.8328e-17
8208.370 9.8767e-17
8209.904 1.1048e-16
8211.439 1.0928e-16
8212.974 9.8533e-17
8214.509 1.0233e-16
8216.044 1.1026e-16
8217.578 1.0322e-16
8219.113 1.0328e-16
8220.648 1.1059e-16
8222.183 1.0162e-16
8223.718 9.1749e-17
8225.253 9.4948e-17
8226.787 9.8025e-17
8228.322 9.8593e-17
8229.857 1.023e-16
8231.392 1.0392e-16
8232.927 9.7384e-17
8234.462 9.866e-17
8235.996 1.0748e-16
8237.531 1.0287e-16
8239.066 9.0951e-17
8240.601 9.0129e-17
8242.136 9.2454e-17
8243.671 9.361e-17
8245.205 1.0218e-16
8246.740 1.0638e-16
8248.275 1.089e-16
8249.810 1.0563e-16
8251.345 1.027e-16
8252.880 1.0545e-16
8254.414 9.81e-17
8255.949 9.7631e-17
8257.484 1.0254e-16
8259.019 9.5191e-17
8260.554 9.212e-17
8262.089 9.8465e-17
8263.623 1.018e-16
8265.158 9.8845e-17
8266.693 9.2445e-17
8268.228 9.273e-17
8269.763 1.0059e-16
8271.298 9.9173e-17
8272.832 9.7791e-17
8274.367 9.6107e-17
8275.902 8.7574e-17
8277.437 9.1394e-17
8278.972 1.0123e-16
8280.507 1.1605e-16
8282.041 1.3043e-16
8283.576 1.149e-16
8285.111 9.8006e-17
8286.646 1.022e-16
8288.181 1.04e-16
8289.716 1.1111e-16
8291.250 1.1468e-16
8292.785 1.0757e-16
8294.319 1.0581e-16
8295.854 8.8254e-17
8297.390 7.2932e-17
8298.924 8.4912e-17
8300.459 8.8699e-17
8301.994 9.1495e-17
8303.528 9.7975e-17
8305.063 9.0326e-17
8306.599 9.0319e-17
8308.133 1.0553e-16
8309.668 1.0158e-16
8311.203 8.6399e-17
8312.737 9.6895e-17
8314.272 9.5342e-17
8315.808 7.8592e-17
8317.342 7.9783e-17
8318.877 8.5684e-17
8320.412 9.3039e-17
8321.946 9.5821e-17
8323.481 9.1863e-17
8325.017 9.2448e-17
8326.551 9.3596e-17
8328.086 9.1834e-17
8329.621 8.8919e-17
8331.155 8.2418e-17
8332.690 7.9978e-17
8334.226 8.2139e-17
8335.760 9.0287e-17
8337.295 1.2097e-16
8338.830 1.3996e-16
8340.364 1.1973e-16
8341.899 8.5695e-17
8343.435 9.2102e-17
8344.969 1.0276e-16
8346.504 8.9835e-17
8348.039 8.2175e-17
8349.573 9.1595e-17
8351.108 9.5477e-17
8352.644 9.6513e-17
8354.178 1.0822e-16
8355.713 1.0556e-16
8357.248 9.4006e-17
8358.782 8.8793e-17
8360.317 8.7902e-17
8361.853 8.7019e-17
8363.387 9.0154e-17
8364.922 9.7067e-17
8366.457 9.3183e-17
8367.991 9.3232e-17
8369.526 9.874e-17
8371.062 9.6831e-17
8372.596 8.8632e-17
8374.131 8.4733e-17
8375.666 9.7058e-17
8377.200 1.0422e-16
8378.735 8.7876e-17
8380.270 8.5697e-17
8381.805 9.1417e-17
8383.340 8.0595e-17
8384.874 8.7675e-17
8386.409 8.8692e-17
8387.944 8.4731e-17
8389.479 8.8683e-17
8391.014 9.1455e-17
8392.549 1.0655e-16
8394.083 1.0362e-16
8395.618 7.2462e-17
8397.153 7.3541e-17
8398.688 1.1207e-16
8400.223 1.1722e-16
8401.758 9.0704e-17
8403.292 7.6772e-17
8404.827 8.3097e-17
8406.362 7.9536e-17
8407.896 7.9738e-17
8409.432 8.1149e-17
8410.967 7.6587e-17
8412.501 7.5231e-17
8414.036 7.9389e-17
8415.571 9.5057e-17
8417.105 8.8321e-17
8418.641 7.1663e-17
8420.176 7.4382e-17
8421.710 8.6522e-17
8423.245 9.7337e-17
8424.780 8.8002e-17
8426.314 7.4946e-17
8427.850 7.8759e-17
8429.385 9.4247e-17
8430.919 1.1372e-16
8432.454 9.6913e-17
8433.989 7.0762e-17
8435.523 7.0629e-17
8437.059 7.6342e-17
8438.594 8.3261e-17
8440.128 8.6735e-17
8441.663 8.6917e-17
8443.198 7.9215e-17
8444.732 7.3565e-17
8446.268 7.9242e-17
8447.803 8.9036e-17
8449.337 8.8113e-17
8450.872 8.361e-17
8452.407 7.6406e-17
8453.941 6.8838e-17
8455.477 7.4664e-17
8457.012 8.0294e-17
8458.546 8.9923e-17
8460.081 8.6488e-17
8461.615 7.4e-17
8463.150 7.1417e-17
8464.686 8.2439e-17
8466.220 9.5981e-17
8467.755 8.9072e-17
8469.290 7.3244e-17
8470.824 7.1608e-17
8472.359 7.976e-17
8473.895 7.5395e-17
8475.429 6.6502e-17
8476.964 6.9101e-17
8478.499 8.0367e-17
8480.033 8.3871e-17
8481.568 7.532e-17
8483.104 7.9687e-17
8484.638 8.5752e-17
8486.173 7.8747e-17
8487.708 7.2806e-17
8489.242 6.8521e-17
8490.777 7.2293e-17
8492.312 7.9893e-17
8493.847 7.5586e-17
8495.382 7.0622e-17
8496.917 7.1713e-17
8498.451 7.7781e-17
8499.986 8.3449e-17
8501.521 7.513e-17
8503.056 7.4403e-17
8504.591 9.1717e-17
8506.126 8.8035e-17
8507.660 7.7497e-17
8509.195 8.8408e-17
8510.730 9.1295e-17
8512.265 7.5856e-17
8513.800 6.6943e-17
8515.335 6.7346e-17
8516.869 6.6821e-17
8518.404 6.9885e-17
8519.939 7.1362e-17
8521.474 6.5181e-17
8523.009 6.7391e-17
8524.544 7.1241e-17
8526.078 7.0883e-17
8527.613 7.2219e-17
8529.148 6.98e-17
8530.683 5.7518e-17
8532.218 5.4374e-17
8533.753 7.3665e-17
8535.287 7.6683e-17
8536.822 7.3482e-17
8538.357 7.4069e-17
8539.892 6.1381e-17
8541.427 6.3797e-17
8542.962 7.0451e-17
8544.496 7.5808e-17
8546.031 9.3891e-17
8547.565 8.2416e-17
8549.101 5.7167e-17
8550.636 5.8151e-17
8552.170 6.3927e-17
8553.705 6.3569e-17
8555.240 6.3572e-17
8556.774 6.3643e-17
8558.310 6.563e-17
8559.845 6.6844e-17
8561.379 6.1457e-17
8562.914 6.2041e-17
8564.449 6.0105e-17
8565.983 5.7316e-17
8567.519 5.8057e-17
8569.054 5.2702e-17
8570.588 5.2541e-17
8572.123 5.9803e-17
8573.658 6.1017e-17
8575.192 6.1372e-17
8576.728 5.4209e-17
8578.263 4.8524e-17
8579.797 6.2117e-17
8581.332 7.0327e-17
8582.867 6.6106e-17
8584.401 5.5465e-17
8585.937 5.502e-17
8587.472 6.4303e-17
8589.006 6.362e-17
8590.541 5.3165e-17
8592.076 5.582e-17
8593.610 6.2186e-17
8595.146 5.9243e-17
8596.681 5.1985e-17
8598.215 4.6469e-17
8599.750 4.9516e-17
8601.285 5.1804e-17
8602.819 5.5992e-17
8604.354 5.9278e-17
8605.890 5.4574e-17
8607.424 4.7734e-17
8608.959 4.5816e-17
8610.494 5.3307e-17
8612.028 5.2179e-17
8613.563 5.4386e-17
8615.099 5.8811e-17
8616.633 4.5159e-17
8618.168 5.0229e-17
8619.703 5.8095e-17
8621.237 5.0706e-17
8622.772 4.945e-17
8624.308 4.9883e-17
8625.842 4.3314e-17
8627.377 3.2499e-17
8628.911 3.7491e-17
8630.446 4.4372e-17
8631.981 4.5232e-17
8633.516 4.9862e-17
8635.051 4.2633e-17
8636.586 3.4657e-17
8638.120 4.0825e-17
8639.655 4.4192e-17
8641.190 4.5548e-17
8642.725 4.8916e-17
8644.260 4.7745e-17
8645.795 4.81e-17
8647.329 4.5798e-17
8648.864 3.97e-17
8650.399 4.099e-17
8651.934 4.198e-17
8653.469 5.4622e-17
8655.004 5.2104e-17
8656.538 3.6788e-17
8658.073 5.9541e-17
8659.608 6.6695e-17
8661.143 4.2352e-17
8662.678 3.7911e-17
8664.213 3.9345e-17
8665.747 4.0945e-17
8667.282 4.4652e-17
8668.817 5.4853e-17
8670.352 5.6964e-17
8671.887 4.0326e-17
8673.422 4.1304e-17
8674.956 5.0655e-17
8676.491 5.6201e-17
8678.026 6.2875e-17
8679.561 5.7442e-17
8681.096 4.7196e-17
8682.631 5.1771e-17
8684.165 5.4138e-17
8685.700 4.6256e-17
8687.235 3.8942e-17
8688.770 3.4141e-17
8690.305 4.9501e-17
8691.840 6.0966e-17
8693.374 5.4085e-17
8694.909 5.6798e-17
8696.444 4.7699e-17
8697.979 3.9865e-17
8699.514 5.2738e-17
8701.049 5.1432e-17
8702.583 4.821e-17
8704.118 5.201e-17
8705.653 5.0649e-17
8707.188 5.7103e-17
8708.723 5.928e-17
8710.258 5.1806e-17
8711.792 5.3068e-17
8713.327 5.5607e-17
8714.861 5.129e-17
8716.396 5.352e-17
8717.932 4.7287e-17
8719.466 4.1435e-17
8721.001 4.8384e-17
8722.536 5.665e-17
8724.070 5.8056e-17
8725.605 4.6551e-17
8727.141 4.9658e-17
8728.675 5.6054e-17
8730.210 5.2067e-17
8731.745 4.7108e-17
8733.279 5.0076e-17
8734.814 5.5664e-17
8736.350 5.9796e-17
8737.884 4.3891e-17
8739.419 3.5558e-17
8740.954 5.2379e-17
8742.488 6.2149e-17
8744.023 5.73e-17
8745.559 4.8643e-17
8747.093 4.9436e-17
8748.628 5.4156e-17
8750.163 4.6655e-17
8751.697 5.4076e-17
8753.232 6.1226e-17
8754.768 6.187e-17
8756.302 3.8319e-17
8757.837 4.8408e-17
8759.372 6.4175e-17
8760.906 7.8168e-17
8762.441 8.4597e-17
8763.977 7.0334e-17
8765.511 5.2828e-17
8767.046 6.1553e-17
8768.581 7.2061e-17
8770.115 6.8171e-17
8771.650 5.4981e-17
8773.186 5.2307e-17
8774.720 5.3719e-17
8776.255 3.7157e-17
8777.790 2.9494e-17
8779.324 4.5718e-17
8780.859 4.3282e-17
8782.395 3.8624e-17
8783.929 4.6529e-17
8785.464 5.4714e-17
8786.999 6.0421e-17
8788.533 6.3281e-17
8790.068 6.6718e-17
8791.604 5.8208e-17
8793.138 5.0179e-17
8794.673 5.1636e-17
8796.208 4.9569e-17
8797.742 5.9431e-17
8799.277 5.6847e-17
8800.812 4.259e-17
8802.347 5.1207e-17
8803.882 6.2321e-17
8805.416 5.8128e-17
8806.951 6.194e-17
8808.486 6.8734e-17
8810.021 6.1455e-17
8811.556 5.7005e-17
8813.091 6.6727e-17
8814.625 6.5783e-17
8816.160 6.0316e-17
8817.695 4.2565e-17
8819.229 5.9958e-17
8820.765 8.9011e-17
8822.300 9.3827e-17
8823.834 7.9107e-17
8825.369 6.9827e-17
8826.904 7.8929e-17
8828.438 5.5683e-17
8829.974 4.7484e-17
8831.509 6.8586e-17
8833.043 7.4634e-17
8834.578 8.8846e-17
8836.113 9.5129e-17
8837.647 7.0817e-17
8839.183 5.2323e-17
8840.718 5.9972e-17
8842.252 7.6016e-17
8843.787 8.0714e-17
8845.322 7.2833e-17
8846.856 6.9078e-17
8848.392 5.9828e-17
8849.927 5.3018e-17
8851.461 6.0951e-17
8852.996 6.3359e-17
8854.531 6.4694e-17
8856.065 7.6175e-17
8857.601 7.3347e-17
8859.136 6.5274e-17
8860.670 8.3557e-17
8862.205 9.7968e-17
8863.740 8.1486e-17
8865.274 6.5889e-17
8866.810 6.7431e-17
8868.345 6.2603e-17
8869.879 5.6751e-17
8871.414 6.9044e-17
8872.949 7.6788e-17
8874.483 6.1746e-17
8876.019 4.6804e-17
8877.554 6.6713e-17
8879.088 9.6368e-17
8880.623 9.5816e-17
8882.157 7.812e-17
8883.692 6.0336e-17
8885.228 9.7837e-17
8886.762 1.2173e-16
8888.297 7.6328e-17
8889.832 6.4188e-17
8891.366 8.1758e-17
8892.901 7.7591e-17
8894.437 8.0074e-17
8895.971 9.2386e-17
8897.506 9.4228e-17
8899.041 7.6108e-17
8900.575 7.4176e-17
8902.110 8.7152e-17
8903.646 8.6266e-17
8905.180 7.9352e-17
8906.715 7.7027e-17
8908.250 7.7024e-17
8909.784 7.2609e-17
8911.319 8.0743e-17
8912.854 1.2315e-16
8914.389 1.1848e-16
8915.924 1.015e-16
8917.459 1.0271e-16
8918.993 1.0474e-16
8920.528 8.515e-17
8922.063 6.3409e-17
8923.598 7.2031e-17
8925.133 8.0109e-17
8926.668 8.064e-17
8928.202 7.5476e-17
8929.737 8.5237e-17
8931.272 9.4565e-17
8932.807 9.6155e-17
8934.342 8.9327e-17
8935.877 8.8573e-17
8937.411 1.0385e-16
8938.946 9.9161e-17
8940.481 7.7987e-17
8942.016 7.3698e-17
8943.551 9.6682e-17
8945.086 8.3468e-17
8946.620 7.6099e-17
8948.155 7.837e-17
8949.690 7.4348e-17
8951.225 1.2588e-16
8952.760 1.367e-16
8954.295 1.0659e-16
8955.829 1.0646e-16
8957.364 1.1484e-16
8958.899 1.1881e-16
8960.434 9.4732e-17
8961.969 8.4886e-17
8963.504 9.492e-17
8965.038 9.5685e-17
8966.573 9.4592e-17
8968.107 8.913e-17
8969.643 9.5786e-17
8971.178 9.7904e-17
8972.712 8.9313e-17
8974.247 9.8119e-17
8975.782 1.0213e-16
8977.316 9.5873e-17
8978.852 9.7001e-17
8980.387 1.0306e-16
8981.921 1.2137e-16
8983.456 1.1957e-16
8984.991 9.2436e-17
8986.525 8.1172e-17
8988.061 9.42e-17
8989.596 8.7886e-17
8991.130 8.4467e-17
8992.665 9.6295e-17
8994.200 1.1178e-16
8995.734 1.1676e-16
8997.270 9.8266e-17
8998.805 7.7971e-17
9000.339 9.4975e-17
9001.874 1.0362e-16
9003.409 8.4778e-17
9004.943 8.0961e-17
9006.479 8.4904e-17
9008.014 9.618e-17
9009.548 1.0846e-16
9011.083 1.06e-16
9012.618 9.7152e-17
9014.152 9.7787e-17
9015.688 9.6441e-17
9017.223 8.1151e-17
9018.757 8.6706e-17
9020.292 9.7335e-17
9021.827 9.2202e-17
9023.361 9.305e-17
9024.896 9.766e-17
9026.432 1.0064e-16
9027.966 9.7684e-17
9029.501 8.4953e-17
9031.036 8.8958e-17
9032.570 1.0434e-16
9034.105 1.0409e-16
9035.641 9.841e-17
9037.175 9.4666e-17
9038.710 9.3923e-17
9040.245 9.2194e-17
9041.779 9.0443e-17
9043.314 1.0108e-16
9044.850 1.0394e-16
9046.384 9.1192e-17
9047.919 8.6087e-17
9049.453 9.6449e-17
9050.988 1.054e-16
9052.523 9.8094e-17
9054.058 8.1161e-17
9055.593 7.4399e-17
9057.128 8.6197e-17
9058.662 9.7438e-17
9060.197 9.7544e-17
9061.732 9.7661e-17
9063.267 1.0047e-16
9064.802 9.6948e-17
9066.337 9.2507e-17
9067.871 9.932e-17
9069.406 1.0619e-16
9070.941 8.9153e-17
9072.476 7.696e-17
9074.011 8.6304e-17
9075.546 9.1927e-17
9077.080 8.9119e-17
9078.615 7.8926e-17
9080.150 7.384e-17
9081.685 8.9588e-17
9083.220 9.2617e-17
9084.755 8.3956e-17
9086.289 8.809e-17
9087.824 8.4297e-17
9089.359 6.3359e-17
9090.894 6.5659e-17
9092.429 7.8596e-17
9093.964 8.2767e-17
9095.498 8.7554e-17
9097.033 8.731e-17
9098.568 8.6383e-17
9100.103 7.7852e-17
9101.638 7.6165e-17
9103.173 8.0876e-17
9104.707 7.9733e-17
9106.242 8.3669e-17
9107.777 9.1818e-17
9109.312 8.7915e-17
9110.847 8.3873e-17
9112.382 9.0079e-17
9113.916 8.704e-17
9115.451 7.9989e-17
9116.986 8.4047e-17
9118.521 8.2785e-17
9120.056 8.2741e-17
9121.591 8.117e-17
9123.125 7.4818e-17
9124.660 7.4316e-17
9126.195 8.1743e-17
9127.729 8.7624e-17
9129.265 7.3448e-17
9130.800 7.3049e-17
9132.334 9.1754e-17
9133.869 8.8883e-17
9135.403 8.3328e-17
9136.938 8.1582e-17
9138.474 9.0653e-17
9140.008 9.7283e-17
9141.543 8.5713e-17
9143.078 7.4445e-17
9144.612 8.5266e-17
9146.147 8.5079e-17
9147.683 7.6772e-17
9149.217 8.0232e-17
9150.752 7.7636e-17
9152.287 7.6961e-17
9153.821 7.9573e-17
9155.356 8.9817e-17
9156.892 7.0595e-17
9158.426 6.677e-17
9159.961 8.7358e-17
9161.496 8.5184e-17
9163.030 6.9754e-17
9164.565 7.4373e-17
9166.101 8.3012e-17
9167.635 7.4864e-17
9169.170 6.9917e-17
9170.705 7.2971e-17
9172.239 7.4781e-17
9173.774 7.3179e-17
9175.310 7.578e-17
9176.844 7.2048e-17
9178.379 5.8054e-17
9179.914 5.8009e-17
9181.448 7.4564e-17
9182.983 7.054e-17
9184.519 6.4986e-17
9186.053 7.2313e-17
9187.588 6.1273e-17
9189.123 6.0557e-17
9190.657 6.0479e-17
9192.192 6.2218e-17
9193.728 6.7939e-17
9195.262 7.0714e-17
9196.797 7.2096e-17
9198.332 6.5426e-17
9199.866 6.4585e-17
9201.401 7.2602e-17
9202.937 7.1493e-17
9204.471 6.6846e-17
9206.006 6.1184e-17
9207.541 5.6304e-17
9209.075 6.3322e-17
9210.610 6.7273e-17
9212.146 6.4908e-17
9213.680 6.0754e-17
9215.215 6.515e-17
9216.749 6.8157e-17
9218.284 6.2852e-17
9219.819 6.2871e-17
9221.354 6.1784e-17
9222.889 5.6613e-17
9224.424 5.1998e-17
9225.958 5.9136e-17
9227.493 7.1358e-17
9229.028 6.0644e-17
9230.562 5.3519e-17
9232.098 6.0676e-17
9233.633 5.2722e-17
9235.167 4.9906e-17
9236.702 5.5211e-17
9238.237 5.4459e-17
9239.771 5.0247e-17
9241.307 5.3132e-17
9242.842 6.0847e-17
9244.376 5.1026e-17
9245.911 4.5385e-17
9247.446 5.7422e-17
9248.980 6.1024e-17
9250.516 5.5843e-17
9252.051 5.8762e-17
9253.585 6.1375e-17
9255.120 5.1751e-17
9256.655 5.0239e-17
9258.189 6.3036e-17
9259.725 5.6964e-17
9261.260 4.6774e-17
9262.794 5.6918e-17
9264.329 6.1246e-17
9265.864 4.7947e-17
9267.398 4.8407e-17
9268.934 5.1762e-17
9270.469 5.4532e-17
9272.003 5.7317e-17
9273.538 5.7454e-17
9275.073 5.9551e-17
9276.607 5.5272e-17
9278.143 5.7284e-17
9279.678 5.6098e-17
9281.212 4.9132e-17
9282.747 4.6964e-17
9284.282 5.3155e-17
9285.816 5.2147e-17
9287.352 4.0715e-17
9288.887 5.1984e-17
9290.421 5.701e-17
9291.956 5.7296e-17
9293.491 6.068e-17
9295.025 5.517e-17
9296.561 4.8343e-17
9298.096 4.9104e-17
9299.630 5.8788e-17
9301.165 8.0327e-17
9302.699 8.8898e-17
9304.234 5.8127e-17
9305.770 5.4738e-17
9307.304 1.1198e-16
9308.839 8.4863e-17
9310.374 4.854e-17
9311.908 8.5604e-17
9313.443 1.0011e-16
9314.979 7.4676e-17
9316.513 7.2073e-17
9318.048 1.0139e-16
9319.583 7.5281e-17
9321.117 5.0529e-17
9322.652 9.6332e-17
9324.188 7.4614e-17
9325.722 2.556e-17
9327.257 4.3083e-17
9328.792 5.5795e-17
9330.326 5.9805e-17
9331.861 6.4654e-17
9333.396 5.8492e-17
9334.931 6.3906e-17
9336.466 6.1484e-17
9338.001 7.3329e-17
9339.535 6.953e-17
9341.070 6.3196e-17
9342.605 6.5818e-17
9344.140 6.6219e-17
9345.675 7.3698e-17
9347.210 6.0864e-17
9348.744 5.8393e-17
9350.279 5.6741e-17
9351.814 5.3412e-17
9353.349 6.5316e-17
9354.884 7.1683e-17
9356.419 7.1401e-17
9357.953 7.5842e-17
9359.488 8.4165e-17
9361.023 8.4957e-17
9362.558 6.538e-17
9364.093 5.5453e-17
9365.628 5.6342e-17
9367.162 8.6893e-17
9368.697 1.8672e-16
9370.232 1.6923e-16
9371.767 1.1499e-16
9373.302 7.0045e-17
9374.837 7.8133e-17
9376.371 1.6593e-16
9377.906 1.1032e-16
9379.441 3.8832e-17
9380.976 6.354e-17
9382.511 7.9274e-17
9384.046 7.2416e-17
9385.580 7.2595e-17
9387.115 7.7987e-17
9388.649 7.5563e-17
9390.185 7.1468e-17
9391.720 7.2197e-17
9393.254 5.937e-17
9394.789 4.7017e-17
9396.324 6.0809e-17
9397.858 8.3103e-17
9399.394 5.8906e-17
9400.929 4.4033e-17
9402.463 6.9449e-17
9403.998 6.6672e-17
9405.533 6.1855e-17
9407.067 7.4486e-17
9408.603 8.6747e-17
9410.138 8.5968e-17
9411.672 7.4671e-17
9413.207 9.0661e-17
9414.742 9.1027e-17
9416.276 7.3798e-17
9417.812 7.861e-17
9419.347 8.9017e-17
9420.881 7.3551e-17
9422.416 5.1474e-17
9423.951 5.9463e-17
9425.485 6.4821e-17
9427.021 7.2382e-17
9428.556 8.1664e-17
9430.090 6.335e-17
9431.625 7.0655e-17
9433.160 1.2742e-16
9434.694 1.1353e-16
9436.229 6.5682e-17
9437.765 7.9935e-17
9439.299 9.8596e-17
9440.834 6.0229e-17
9442.369 3.861e-17
9443.903 6.7655e-17
9445.438 8.413e-17
9446.974 7.7254e-17
9448.508 7.2611e-17
9450.043 5.8528e-17
9451.578 7.0831e-17
9453.112 1.0619e-16
9454.647 7.8551e-17
9456.183 8.0645e-17
9457.717 1.086e-16
9459.252 1.0506e-16
9460.787 5.9876e-17
9462.321 4.781e-17
9463.856 6.2623e-17
9465.392 6.5522e-17
9466.926 6.648e-17
9468.461 6.7717e-17
9469.995 9.2643e-17
9471.530 9.231e-17
9473.065 7.4403e-17
9474.600 9.8655e-17
9476.135 1.1165e-16
9477.670 7.9951e-17
9479.204 3.2879e-17
9480.739 2.8065e-17
9482.274 6.0387e-17
9483.809 7.7875e-17
9485.344 7.4554e-17
9486.879 6.0437e-17
9488.413 5.8455e-17
9489.948 6.6461e-17
9491.483 7.109e-17
9493.018 5.9672e-17
9494.553 6.4819e-17
9496.088 7.9761e-17
9497.622 8.3491e-17
9499.157 9.7954e-17
9500.692 1.0619e-16
9502.227 1.004e-16
9503.762 8.8154e-17
9505.297 7.7925e-17
9506.831 7.7522e-17
9508.366 7.2758e-17
9509.901 5.5121e-17
9511.436 4.6574e-17
9512.971 7.7288e-17
9514.506 9.7363e-17
9516.040 5.95e-17
9517.575 5.329e-17
9519.110 9.701e-17
9520.645 1.071e-16
9522.180 6.799e-17
9523.715 5.2857e-17
9525.249 7.9486e-17
9526.784 8.5498e-17
9528.319 5.9766e-17
9529.854 4.5715e-17
9531.389 6.2802e-17
9532.924 7.8764e-17
9534.458 6.813e-17
9535.993 6.9516e-17
9537.528 7.6795e-17
9539.062 6.9829e-17
9540.598 7.5929e-17
9542.133 8.3202e-17
9543.667 6.9243e-17
9545.202 7.3933e-17
9546.737 9.9233e-17
9548.271 9.0544e-17
9549.807 6.4085e-17
9551.342 5.6542e-17
9552.876 8.6816e-17
9554.411 9.5954e-17
9555.945 8.6506e-17
9557.480 6.8957e-17
9559.016 5.9133e-17
9560.550 1.0445e-16
9562.085 1.0189e-16
9563.620 6.4502e-17
9565.154 5.9358e-17
9566.689 6.2229e-17
9568.225 5.5573e-17
9569.759 4.2464e-17
9571.294 5.3192e-17
9572.829 8.3158e-17
9574.363 8.8513e-17
9575.898 7.0592e-17
9577.434 7.2364e-17
9578.968 7.6887e-17
9580.503 6.7912e-17
9582.038 5.9936e-17
9583.572 6.8714e-17
9585.107 7.8601e-17
9586.643 7.9912e-17
9588.177 7.3306e-17
9589.712 7.4712e-17
9591.247 7.5947e-17
9592.781 6.7783e-17
9594.316 6.9986e-17
9595.852 7.7284e-17
9597.386 8.3452e-17
9598.921 8.8523e-17
9600.456 7.1408e-17
9601.990 6.4827e-17
9603.525 8.551e-17
9605.061 8.2592e-17
9606.595 6.6874e-17
9608.130 6.6656e-17
9609.665 6.7644e-17
9611.199 6.2829e-17
9612.734 5.5834e-17
9614.270 7.1807e-17
9615.804 7.8244e-17
9617.339 5.7859e-17
9618.874 8.3626e-17
9620.408 9.9594e-17
9621.943 6.2321e-17
9623.479 5.5696e-17
9625.013 6.5517e-17
9626.548 5.3013e-17
9628.083 5.1698e-17
9629.617 6.1736e-17
9631.152 6.0951e-17
9632.688 5.9574e-17
9634.222 7.0583e-17
9635.757 8.3049e-17
9637.291 8.2231e-17
9638.826 7.6003e-17
9640.361 7.2579e-17
9641.896 7.3051e-17
9643.431 7.1825e-17
9644.966 6.9383e-17
9646.500 6.6991e-17
9648.035 6.7508e-17
9649.570 6.7726e-17
9651.104 5.6617e-17
9652.640 4.7938e-17
9654.175 5.7388e-17
9655.709 7.076e-17
9657.244 7.3223e-17
9658.779 7.1069e-17
9660.313 6.7756e-17
9661.849 7.1935e-17
9663.384 8.2155e-17
9664.918 9.501e-17
9666.453 9.1907e-17
9667.988 7.9405e-17
9669.522 7.6149e-17
9671.058 6.829e-17
9672.593 6.2712e-17
9674.127 7.7804e-17
9675.662 1.1039e-16
9677.197 8.9137e-17
9678.731 5.8561e-17
9680.267 7.2781e-17
9681.802 9.0706e-17
9683.336 7.6419e-17
9684.871 8.4396e-17
9686.406 1.0617e-16
9687.940 9.4247e-17
9689.476 6.8335e-17
9691.011 6.4328e-17
9692.545 7.8445e-17
9694.080 8.8223e-17
9695.615 9.129e-17
9697.149 8.5503e-17
9698.685 7.1967e-17
9700.220 4.939e-17
9701.754 4.4059e-17
9703.289 6.134e-17
9704.824 5.8914e-17
9706.358 4.9725e-17
9707.894 5.6801e-17
9709.429 7.0733e-17
9710.963 6.6933e-17
9712.498 6.1659e-17
9714.033 9.8832e-17
9715.567 7.7646e-17
9717.103 4.6323e-17
9718.638 5.8496e-17
9720.172 7.2563e-17
9721.707 6.9323e-17
9723.241 5.2835e-17
9724.776 4.7867e-17
9726.312 5.8583e-17
9727.846 6.2916e-17
9729.381 5.5942e-17
9730.916 7.0416e-17
9732.450 9.8666e-17
9733.985 9.5509e-17
9735.521 7.8328e-17
9737.055 7.8422e-17
9738.590 8.2861e-17
9740.125 7.056e-17
9741.659 7.6885e-17
9743.194 9.0615e-17
9744.729 7.3439e-17
9746.264 5.8389e-17
9747.799 6.2509e-17
9749.334 6.2387e-17
9750.868 7.2959e-17
9752.403 7.3684e-17
9753.938 7.078e-17
9755.473 6.887e-17
9757.008 5.7947e-17
9758.543 5.359e-17
9760.077 5.8151e-17
9761.612 5.7933e-17
9763.147 6.3506e-17
9764.682 6.5075e-17
9766.217 5.7411e-17
9767.752 7.4227e-17
9769.286 8.8108e-17
9770.821 7.8023e-17
9772.356 6.5467e-17
9773.891 5.6363e-17
9775.426 5.7314e-17
9776.961 6.6459e-17
9778.495 7.526e-17
9780.030 7.7268e-17
9781.565 6.6282e-17
9783.100 7.3858e-17
9784.635 1.2597e-16
9786.170 1.447e-16
9787.704 9.0716e-17
9789.239 4.961e-17
9790.774 7.7858e-17
9792.309 1.0216e-16
9793.844 7.2935e-17
9795.379 6.1413e-17
9796.913 6.6732e-17
9798.448 6.3143e-17
9799.983 6.5079e-17
9801.518 4.5458e-17
9803.053 2.2868e-17
9804.587 5.2143e-17
9806.122 7.7336e-17
9807.657 5.126e-17
9809.191 3.3791e-17
9810.727 4.1859e-17
9812.262 5.7426e-17
9813.796 6.568e-17
9815.331 7.0403e-17
9816.866 7.0301e-17
9818.400 5.5121e-17
9819.936 5.4054e-17
9821.471 5.9637e-17
9823.005 4.6059e-17
9824.540 4.5504e-17
9826.075 6.5242e-17
9827.609 6.4857e-17
9829.145 6.0462e-17
9830.680 6.4085e-17
9832.214 4.6921e-17
9833.749 4.6751e-17
9835.284 6.6046e-17
9836.818 5.6943e-17
9838.354 3.1932e-17
9839.889 3.7026e-17
9841.423 7.0086e-17
9842.958 7.9194e-17
9844.493 7.8619e-17
9846.027 7.9048e-17
9847.562 6.7618e-17
9849.098 6.134e-17
9850.632 6.5895e-17
9852.167 6.8084e-17
9853.702 6.2917e-17
9855.236 6.6541e-17
9856.771 6.0887e-17
9858.307 5.2956e-17
9859.841 5.4349e-17
9861.376 5.9832e-17
9862.911 5.2431e-17
9864.445 4.523e-17
9865.980 8.707e-17
9867.516 1.2774e-16
9869.050 1.0471e-16
9870.585 5.4329e-17
9872.120 7.0457e-17
9873.654 7.2636e-17
9875.189 4.567e-17
9876.725 4.7747e-17
9878.259 4.3612e-17
9879.794 4.214e-17
9881.329 7.208e-17
9882.863 6.7261e-17
9884.398 4.1671e-17
9885.934 4.7617e-17
9887.468 5.5905e-17
9889.003 6.1407e-17
9890.537 8.731e-17
9892.072 1.1e-16
9893.607 7.0389e-17
9895.142 4.8962e-17
9896.677 5.7108e-17
9898.212 5.1609e-17
9899.746 5.1531e-17
9901.281 6.5511e-17
9902.816 8.2838e-17
9904.351 7.4657e-17
9905.886 3.5198e-17
9907.421 3.6877e-17
9908.955 8.9088e-17
9910.490 8.5636e-17
9912.025 9.876e-17
9913.560 1.0038e-16
9915.095 8.1562e-17
9916.630 6.143e-17
9918.164 4.5981e-17
9919.699 5.706e-17
9921.234 6.0339e-17
9922.769 7.3514e-17
9924.304 8.8743e-17
9925.839 7.9394e-17
9927.373 7.6906e-17
9928.908 9.0741e-17
9930.443 7.8958e-17
9931.978 8.1234e-17
9933.513 7.9568e-17
9935.048 7.2311e-17
9936.582 8.3177e-17
9938.117 1.0075e-16
9939.652 1.2996e-16
9941.187 1.1064e-16
9942.722 7.7089e-17
9944.257 3.9474e-17
9945.791 3.6334e-17
9947.326 6.897e-17
9948.861 5.9947e-17
9950.396 7.1209e-17
9951.931 7.2974e-17
9953.466 6.9997e-17
9955.000 9.1495e-17
9956.535 9.1666e-17
9958.070 8.0496e-17
9959.604 6.6715e-17
9961.140 7.2508e-17
9962.675 7.575e-17
9964.209 7.3003e-17
9965.744 1.0066e-16
9967.279 1.0643e-16
9968.813 8.8701e-17
9970.349 9.6286e-17
9971.883 8.7576e-17
9973.418 7.8871e-17
9974.953 7.2103e-17
9976.487 5.9913e-17
9978.022 7.8686e-17
9979.558 9.948e-17
9981.092 9.3115e-17
9982.627 7.2323e-17
9984.162 7.2948e-17
9985.696 9.4592e-17
9987.231 9.2434e-17
9988.767 1.0096e-16
9990.301 1.22e-16
9991.836 9.6247e-17
9993.371 7.2698e-17
9994.905 7.9653e-17
9996.440 6.7728e-17
9997.976 6.8604e-17
9999.510 1.0807e-16
