4021.29376793 1.18262e-18
4024.332165 4.56664e-19
4027.37056208 4.83642e-20
4030.40895915 -2.10106e-18
4033.44735622 -9.24202e-19
4036.4857533 5.3157e-19
4039.52415037 7.18574e-19
4042.56254745 -4.5121e-19
4045.60094452 1.08423e-18
4048.63934159 8.10697e-19
4051.67773867 1.63813e-18
4054.71613574 1.00684e-19
4057.75453281 1.70947e-18
4060.79292989 2.65214e-18
4063.83132696 1.13896e-18
4066.86972404 1.32053e-18
4069.90812111 2.22949e-18
4072.94651818 2.45769e-18
4075.98491526 1.62775e-18
4079.02331233 5.83061e-19
4082.0617094 1.64824e-18
4085.10010648 2.2737e-18
4088.13850355 1.64728e-18
4091.17690063 1.83951e-18
4094.2152977 7.48748e-19
4097.25369477 1.61756e-18
4100.29209185 3.96925e-18
4103.33048892 7.237e-19
4106.36888599 2.04467e-18
4109.40728307 3.62666e-18
4112.44568014 2.06405e-18
4115.48407722 2.04512e-18
4118.52247429 8.15577e-19
4121.56087136 1.00261e-18
4124.59926844 1.72915e-18
4127.63766551 2.35723e-18
4130.67606258 2.19432e-18
4133.71445966 1.65894e-18
4136.75285673 3.34867e-18
4139.79125381 2.29198e-18
4142.82965088 1.37238e-18
4145.86804795 3.45132e-18
4148.90644503 2.11536e-18
4151.9448421 1.91459e-18
4154.98323917 2.56416e-18
4158.02163625 1.80981e-18
4161.06003332 2.73512e-18
4164.0984304 1.8292e-18
4167.13682747 9.82878e-19
4170.17522454 1.11737e-18
4173.21362162 2.25151e-18
4176.25201869 2.3199e-18
4179.29041576 3.53388e-19
4182.32881284 1.3296e-18
4185.36720991 2.66631e-18
4188.40560699 3.29283e-18
4191.44400406 2.07174e-18
4194.48240113 2.43515e-18
4197.52079821 2.98484e-18
4200.55919528 3.88603e-18
4203.59759235 3.69594e-18
4206.63598943 3.26006e-18
4209.6743865 3.32335e-18
4212.71278358 3.03381e-18
4215.75118065 2.69131e-18
4218.78957772 3.81259e-18
4221.8279748 2.64487e-18
4224.86637187 2.69087e-18
4227.90476894 3.97661e-18
4230.94316602 3.18842e-18
4233.98156309 3.61998e-18
4237.01996017 3.2691e-18
4240.05835724 3.05521e-18
4243.09675431 2.54967e-18
4246.13515139 1.253e-18
4249.17354846 2.98921e-18
4252.21194553 2.44493e-18
4255.25034261 2.00438e-18
4258.28873968 1.78047e-18
4261.32713675 1.11384e-18
4264.36553383 1.9317e-18
4267.4039309 1.75765e-18
4270.44232798 2.87694e-18
4273.48072505 3.71388e-18
4276.51912212 2.85346e-18
4279.5575192 1.41395e-18
4282.59591627 8.69649e-19
4285.63431334 3.19716e-18
4288.67271042 3.53112e-18
4291.71110749 1.84549e-18
4294.74950457 3.44333e-18
4297.78790164 1.66806e-18
4300.82629871 2.19922e-18
4303.86469579 1.91314e-18
4306.90309286 1.4575e-18
4309.94148993 5.15028e-19
4312.97988701 1.68924e-18
4316.01828408 2.95436e-18
4319.05668116 1.7587e-18
4322.09507823 1.08692e-18
4325.1334753 1.48853e-18
4328.17187238 1.32084e-18
4331.21026945 1.8949e-18
4334.24866652 2.35492e-18
4337.2870636 1.84495e-18
4340.32546067 2.2228e-18
4343.36385775 2.65532e-18
4346.40225482 1.74346e-18
4349.44065189 1.2357e-18
4352.47904897 2.09356e-18
4355.51744604 1.59154e-18
4358.55584311 7.58686e-19
4361.59424019 2.45305e-18
4364.63263726 1.22953e-18
4367.67103434 6.2052e-19
4370.70943141 5.73049e-19
4373.74782848 1.88081e-18
4376.78622556 1.81564e-18
4379.82462263 2.18379e-18
4382.8630197 3.15559e-18
4385.90141678 2.35241e-18
4388.93981385 5.05315e-19
4391.97821093 1.27462e-18
4395.016608 2.52692e-18
4398.05500507 2.03084e-18
4401.09340215 1.60397e-18
4404.13179922 1.03433e-18
4407.17019629 1.01201e-18
4410.20859337 3.59952e-18
4413.24699044 2.3044e-18
4416.28538752 1.70078e-18
4419.32378459 1.37557e-18
4422.36218166 1.37073e-18
4425.40057874 1.9997e-18
4428.43897581 9.22605e-19
4431.47737288 1.79149e-18
4434.51576996 2.13549e-18
4437.55416703 2.10653e-18
4440.59256411 1.75628e-18
4443.63096118 1.30124e-18
4446.66935825 2.96326e-18
4449.70775533 2.82366e-18
4452.7461524 6.60781e-19
4455.78454947 1.03417e-18
4458.82294655 2.31674e-18
4461.86134362 1.93021e-18
4464.8997407 1.15416e-18
4467.93813777 1.85143e-18
4470.97653484 1.73849e-18
4474.01493192 1.7771e-18
4477.05332899 3.37675e-18
4480.09172606 2.11898e-18
4483.13012314 2.23984e-18
4486.16852021 1.63546e-18
4489.20691729 1.48741e-18
4492.24531436 2.70733e-18
4495.28371143 2.30902e-18
4498.32210851 1.08353e-18
4501.36050558 1.47514e-18
4504.39890265 1.75625e-18
4507.43729973 1.09988e-18
4510.4756968 1.48436e-18
4513.51409388 2.26622e-18
4516.55249095 2.78288e-18
4519.59088802 3.40807e-18
4522.6292851 2.50206e-18
4525.66768217 2.62878e-18
4528.70607924 8.87694e-19
4531.74447632 1.81536e-18
4534.78287339 2.67088e-18
4537.82127047 1.95573e-18
4540.85966754 2.09183e-18
4543.89806461 1.8003e-18
4546.93646169 2.62379e-18
4549.97485876 2.97972e-18
4553.01325583 1.11067e-18
4556.05165291 2.85612e-18
4559.09004998 1.83778e-18
4562.12844706 1.21588e-18
4565.16684413 2.00669e-18
4568.2052412 4.95677e-19
4571.24363828 1.85028e-18
4574.28203535 4.44663e-19
4577.32043242 9.81655e-19
4580.3588295 2.06337e-18
4583.39722657 1.74242e-18
4586.43562365 1.64421e-18
4589.47402072 1.39166e-18
4592.51241779 2.80795e-18
4595.55081487 1.64919e-18
4598.58921194 9.20127e-19
4601.62760901 5.68918e-19
4604.66600609 5.39298e-19
4607.70440316 1.17852e-18
4610.74280024 1.57709e-18
4613.78119731 1.83211e-18
4616.81959438 8.31364e-19
4619.85799146 1.56666e-18
4622.89638853 2.09215e-18
4625.9347856 1.39987e-18
4628.97318268 2.33684e-18
4632.01157975 2.57691e-18
4635.04997683 1.24559e-18
4638.0883739 1.30841e-18
4641.12677097 2.58605e-18
4644.16516805 1.32424e-18
4647.20356512 7.37336e-19
4650.24196219 5.98042e-19
4653.28035927 1.52137e-18
4656.31875634 2.03328e-18
4659.35715342 1.02241e-18
4662.39555049 1.72695e-18
4665.43394756 1.60468e-18
4668.47234464 1.18822e-18
4671.51074171 2.39019e-18
4674.54913878 1.4669e-18
4677.58753586 1.65633e-18
4680.62593293 9.13734e-19
4683.66433001 2.61706e-18
4686.70272708 1.55102e-18
4689.74112415 1.58416e-18
4692.77952123 2.06995e-18
4695.8179183 2.41269e-18
4698.85631537 2.52745e-18
4701.89471245 2.96102e-18
4704.93310952 3.61357e-18
4707.9715066 2.69618e-18
4711.00990367 2.14918e-18
4714.04830074 3.20527e-18
4717.08669782 1.88098e-18
4720.12509489 2.22973e-18
4723.16349196 2.30464e-18
4726.20188904 2.80099e-18
4729.24028611 2.41952e-18
4732.27868319 2.28139e-18
4735.31708026 2.86269e-18
4738.35547733 2.78666e-18
4741.39387441 2.03001e-18
4744.43227148 1.85885e-18
4747.47066855 2.26755e-18
4750.50906563 3.19618e-18
4753.5474627 2.99534e-18
4756.58585978 2.81006e-18
4759.62425685 2.95056e-18
4762.66265392 3.40928e-18
4765.701051 2.84822e-18
4768.73944807 2.77506e-18
4771.77784514 4.10854e-18
4774.81624222 4.22352e-18
4777.85463929 2.81593e-18
4780.89303637 2.99337e-18
4783.93143344 4.49443e-18
4786.96983051 3.26592e-18
4790.00822759 2.63864e-18
4793.04662466 2.76157e-18
4796.08502173 3.58396e-18
4799.12341881 3.58573e-18
4802.16181588 3.06307e-18
4805.20021296 3.1391e-18
4808.23861003 3.37619e-18
4811.2770071 3.94496e-18
4814.31540418 4.21717e-18
4817.35380125 4.22088e-18
4820.39219832 3.53435e-18
4823.4305954 3.40437e-18
4826.46899247 4.48295e-18
4829.50738955 2.70732e-18
4832.54578662 3.18493e-18
4835.58418369 3.6951e-18
4838.62258077 2.95124e-18
4841.66097784 3.57249e-18
4844.69937491 4.11413e-18
4847.73777199 3.8501e-18
4850.77616906 4.57181e-18
4853.81456614 3.86918e-18
4856.85296321 4.3727e-18
4859.89136028 3.8107e-18
4862.92975736 4.00167e-18
4865.96815443 4.54536e-18
4869.0065515 4.16271e-18
4872.04494858 4.15696e-18
4875.08334565 4.50329e-18
4878.12174273 3.73814e-18
4881.1601398 3.34652e-18
4884.19853687 3.16311e-18
4887.23693395 2.68772e-18
4890.27533102 2.96462e-18
4893.31372809 3.07477e-18
4896.35212517 3.67117e-18
4899.39052224 4.32013e-18
4902.42891932 3.53447e-18
4905.46731639 2.73974e-18
4908.50571346 2.79682e-18
4911.54411054 2.89111e-18
4914.58250761 3.54869e-18
4917.62090468 2.3178e-18
4920.65930176 3.16813e-18
4923.69769883 3.51239e-18
4926.73609591 3.07962e-18
4929.77449298 3.30824e-18
4932.81289005 3.54371e-18
4935.85128713 3.71238e-18
4938.8896842 3.35205e-18
4941.92808127 2.56534e-18
4944.96647835 2.99403e-18
4948.00487542 2.81235e-18
4951.0432725 3.20882e-18
4954.08166957 3.36958e-18
4957.12006664 2.37301e-18
4960.15846372 2.62781e-18
4963.19686079 3.8383e-18
4966.23525786 2.65497e-18
4969.27365494 2.12478e-18
4972.31205201 3.6483e-18
4975.35044909 3.1645e-18
4978.38884616 4.33891e-18
4981.42724323 2.86125e-18
4984.46564031 2.62308e-18
4987.50403738 3.14958e-18
4990.54243445 3.61936e-18
4993.58083153 3.53862e-18
4996.6192286 2.61922e-18
4999.65762568 2.13096e-18
5002.69602275 3.58953e-18
5005.73441982 3.02168e-18
5008.7728169 1.90996e-18
5011.81121397 2.90148e-18
5014.84961104 2.53842e-18
5017.88800812 2.25653e-18
5020.92640519 2.91575e-18
5023.96480227 2.9592e-18
5027.00319934 2.8719e-18
5030.04159641 2.45869e-18
5033.07999349 2.82573e-18
5036.11839056 3.92676e-18
5039.15678763 3.08999e-18
5042.19518471 2.44531e-18
5045.23358178 2.11864e-18
5048.27197886 2.8224e-18
5051.31037593 3.27135e-18
5054.348773 2.45616e-18
5057.38717008 2.30911e-18
5060.42556715 3.04172e-18
5063.46396422 2.89825e-18
5066.5023613 2.47877e-18
5069.54075837 3.29082e-18
5072.57915545 2.93029e-18
5075.61755252 3.8076e-18
5078.65594959 4.31157e-18
5081.69434667 3.30499e-18
5084.73274374 2.67883e-18
5087.77114081 3.71934e-18
5090.80953789 4.40173e-18
5093.84793496 3.8851e-18
5096.88633204 3.24741e-18
5099.92472911 3.50702e-18
5102.96312618 3.69917e-18
5106.00152326 3.835e-18
5109.03992033 3.79141e-18
5112.0783174 3.57789e-18
5115.11671448 3.3586e-18
5118.15511155 3.08738e-18
5121.19350863 3.38583e-18
5124.2319057 3.00722e-18
5127.27030277 3.16754e-18
5130.30869985 2.75906e-18
5133.34709692 2.76079e-18
5136.38549399 2.37409e-18
5139.42389107 2.17284e-18
5142.46228814 3.04796e-18
5145.50068521 3.08686e-18
5148.53908229 2.09464e-18
5151.57747936 3.4183e-18
5154.61587644 2.60119e-18
5157.65427351 2.90463e-18
5160.69267058 2.44621e-18
5163.73106766 2.98122e-18
5166.76946473 3.73243e-18
5169.8078618 2.83758e-18
5172.84625888 3.44972e-18
5175.88465595 3.4398e-18
5178.92305303 4.00335e-18
5181.9614501 4.70928e-18
5184.99984717 4.42604e-18
5188.03824425 4.54091e-18
5191.07664132 4.1632e-18
5194.11503839 3.8039e-18
5197.15343547 4.60588e-18
5200.19183254 4.11455e-18
5203.23022962 4.07542e-18
5206.26862669 4.62394e-18
5209.30702376 4.67602e-18
5212.34542084 3.91252e-18
5215.38381791 3.61578e-18
5218.42221498 4.18964e-18
5221.46061206 4.53712e-18
5224.49900913 4.63952e-18
5227.53740621 4.40438e-18
5230.57580328 3.62337e-18
5233.61420035 3.94868e-18
5236.65259743 4.33477e-18
5239.6909945 3.79243e-18
5242.72939157 3.85809e-18
5245.76778865 3.72631e-18
5248.80618572 3.29726e-18
5251.8445828 3.95382e-18
5254.88297987 3.84249e-18
5257.92137694 2.78282e-18
5260.95977402 2.85894e-18
5263.99817109 3.29851e-18
5267.03656816 2.67389e-18
5270.07496524 2.32355e-18
5273.11336231 2.80158e-18
5276.15175939 3.30515e-18
5279.19015646 3.22615e-18
5282.22855353 3.1476e-18
5285.26695061 2.6862e-18
5288.30534768 2.31275e-18
5291.34374475 2.70779e-18
5294.38214183 2.23841e-18
5297.4205389 2.09361e-18
5300.45893598 2.71497e-18
5303.49733305 2.09957e-18
5306.53573012 8.10392e-19
5309.5741272 2.20562e-18
5312.61252427 2.88724e-18
5315.65092134 2.7338e-18
5318.68931842 2.63896e-18
5321.72771549 1.97595e-18
5324.76611257 2.04622e-18
5327.80450964 2.75562e-18
5330.84290671 2.02183e-18
5333.88130379 2.92473e-18
5336.91970086 2.28773e-18
5339.95809793 2.62506e-18
5342.99649501 3.05723e-18
5346.03489208 3.02176e-18
5349.07328916 2.60698e-18
5352.11168623 2.83499e-18
5355.1500833 3.88408e-18
5358.18848038 2.76544e-18
5361.22687745 2.24865e-18
5364.26527452 3.10718e-18
5367.3036716 3.27678e-18
5370.34206867 2.38836e-18
5373.38046575 2.15744e-18
5376.41886282 2.05262e-18
5379.45725989 2.42968e-18
5382.49565697 3.55418e-18
5385.53405404 3.58965e-18
5388.57245111 2.77745e-18
5391.61084819 3.04912e-18
5394.64924526 3.20191e-18
5397.68764234 3.12551e-18
5400.72603941 3.42271e-18
5403.76443648 3.2958e-18
5406.80283356 3.58976e-18
5409.84123063 3.58043e-18
5412.8796277 4.00028e-18
5415.91802478 3.71685e-18
5418.95642185 3.1549e-18
5421.99481893 2.66357e-18
5425.033216 2.931e-18
5428.07161307 3.87888e-18
5431.11001015 3.33102e-18
5434.14840722 3.54786e-18
5437.18680429 2.89444e-18
5440.22520137 2.99271e-18
5443.26359844 3.54156e-18
5446.30199552 3.56891e-18
5449.34039259 3.56734e-18
5452.37878966 3.53276e-18
5455.41718674 3.22344e-18
5458.45558381 3.06766e-18
5461.49398088 2.95753e-18
5464.53237796 2.92939e-18
5467.57077503 3.25816e-18
5470.60917211 3.14553e-18
5473.64756918 2.87133e-18
5476.68596625 3.05412e-18
5479.72436333 3.37245e-18
5482.7627604 3.62855e-18
5485.80115747 3.40339e-18
5488.83955455 2.75377e-18
5491.87795162 3.04847e-18
5494.9163487 3.79012e-18
5497.95474577 3.14533e-18
5500.99314284 2.78125e-18
5504.03153992 3.7745e-18
5507.06993699 3.61062e-18
5510.10833406 3.51453e-18
5513.14673114 3.76649e-18
5516.18512821 3.52892e-18
5519.22352529 3.98711e-18
5522.26192236 4.4278e-18
5525.30031943 3.55257e-18
5528.33871651 3.96457e-18
5531.37711358 3.4893e-18
5534.41551065 4.23383e-18
5537.45390773 4.04017e-18
5540.4923048 4.13885e-18
5543.53070188 4.38261e-18
5546.56909895 4.56098e-18
5549.60749602 4.54546e-18
5552.6458931 3.29077e-18
5555.68429017 4.64299e-18
5558.72268724 4.3542e-18
5561.76108432 4.20163e-18
5564.79948139 4.24188e-18
5567.83787847 4.03442e-18
5570.87627554 4.27958e-18
5573.91467261 4.60982e-18
5576.95306969 4.52307e-18
5579.99146676 3.73114e-18
5583.02986383 4.36302e-18
5586.06826091 4.89244e-18
5589.10665798 4.66528e-18
5592.14505506 4.94937e-18
5595.18345213 4.95496e-18
5598.2218492 4.91706e-18
5601.26024628 5.56275e-18
5604.29864335 4.8072e-18
5607.33704042 4.64931e-18
5610.3754375 4.86929e-18
5613.41383457 4.50831e-18
5616.45223165 4.47596e-18
5619.49062872 4.92545e-18
5622.52902579 5.41134e-18
5625.56742287 5.39211e-18
5628.60581994 5.45731e-18
5631.64421701 5.33277e-18
5634.68261409 4.67497e-18
5637.72101116 4.38321e-18
5640.75940824 5.07988e-18
5643.79780531 5.11615e-18
5646.83620238 5.31429e-18
5649.87459946 4.25078e-18
5652.91299653 4.32621e-18
5655.9513936 4.47073e-18
5658.98979068 4.23005e-18
5662.02818775 4.4335e-18
5665.06658483 4.34387e-18
5668.1049819 4.37715e-18
5671.14337897 4.25616e-18
5674.18177605 4.2429e-18
5677.22017312 4.43038e-18
5680.25857019 4.88505e-18
5683.29696727 5.13628e-18
5686.33536434 4.79367e-18
5689.37376142 3.93565e-18
5692.41215849 4.76239e-18
5695.45055556 4.40422e-18
5698.48895264 4.2874e-18
5701.52734971 4.78311e-18
5704.56574678 5.26155e-18
5707.60414386 5.09623e-18
5710.64254093 5.50014e-18
5713.68093801 6.16149e-18
5716.71933508 6.18497e-18
5719.75773215 5.90505e-18
5722.79612923 5.65962e-18
5725.8345263 6.25751e-18
5728.87292337 6.9419e-18
5731.91132045 6.46322e-18
5734.94971752 6.35867e-18
5737.9881146 6.50994e-18
5741.02651167 6.47518e-18
5744.06490874 7.37392e-18
5747.10330582 8.1147e-18
5750.14170289 7.65533e-18
5753.18009996 7.16079e-18
5756.21849704 7.4445e-18
5759.25689411 7.03616e-18
5762.29529119 6.30718e-18
5765.33368826 6.35064e-18
5768.37208533 6.95573e-18
5771.41048241 7.33899e-18
5774.44887948 7.67315e-18
5777.48727655 7.46216e-18
5780.52567363 6.53666e-18
5783.5640707 5.97994e-18
5786.60246778 6.07072e-18
5789.64086485 6.5762e-18
5792.67926192 7.06711e-18
5795.717659 6.63569e-18
5798.75605607 5.82615e-18
5801.79445314 5.17364e-18
5804.83285022 5.16092e-18
5807.87124729 5.28093e-18
5810.90964437 5.66715e-18
5813.94804144 5.95447e-18
5816.98643851 5.47712e-18
5820.02483559 4.52762e-18
5823.06323266 4.60207e-18
5826.10162973 5.0143e-18
5829.14002681 4.9397e-18
5832.17842388 5.0327e-18
5835.21682096 5.37644e-18
5838.25521803 5.46201e-18
5841.2936151 5.30699e-18
5844.33201218 5.10002e-18
5847.37040925 4.9293e-18
5850.40880632 5.39599e-18
5853.4472034 4.90732e-18
5856.48560047 5.05703e-18
5859.52399755 5.70804e-18
5862.56239462 5.87255e-18
5865.60079169 5.79529e-18
5868.63918877 5.06684e-18
5871.67758584 5.24929e-18
5874.71598291 5.4866e-18
5877.75437999 5.95352e-18
5880.79277706 6.11147e-18
5883.83117414 6.32764e-18
5886.86957121 6.79238e-18
5889.90796828 5.67577e-18
5892.94636536 6.04248e-18
5895.98476243 6.55974e-18
5899.0231595 6.34568e-18
5902.06155658 6.38904e-18
5905.09995365 6.57379e-18
5908.13835073 5.68933e-18
5911.1767478 5.71238e-18
5914.21514487 6.58295e-18
5917.25354195 5.88741e-18
5920.29193902 5.68079e-18
5923.33033609 5.76416e-18
5926.36873317 5.63723e-18
5929.40713024 5.6636e-18
5932.44552732 4.80412e-18
5935.48392439 5.49604e-18
5938.52232146 5.79867e-18
5941.56071854 5.13134e-18
5944.59911561 5.20756e-18
5947.63751268 5.31421e-18
5950.67590976 4.86058e-18
5953.71430683 5.12044e-18
5956.75270391 4.85829e-18
5959.79110098 4.38029e-18
5962.82949805 4.59958e-18
5965.86789513 5.1385e-18
5968.9062922 4.98315e-18
5971.94468927 4.79155e-18
5974.98308635 4.77056e-18
5978.02148342 3.98491e-18
5981.0598805 4.32752e-18
5984.09827757 4.67676e-18
5987.13667464 4.70717e-18
5990.17507172 4.15666e-18
5993.21346879 3.39882e-18
5996.25186586 3.26583e-18
5999.29026294 3.66818e-18
6002.32866001 3.89812e-18
6005.36705709 4.03553e-18
6008.40545416 3.11475e-18
6011.44385123 2.77245e-18
6014.48224831 3.69948e-18
6017.52064538 2.87614e-18
6020.55904245 2.88467e-18
6023.59743953 3.3401e-18
6026.6358366 3.03456e-18
6029.67423368 2.76574e-18
6032.71263075 2.54486e-18
6035.75102782 2.46407e-18
6038.7894249 3.32285e-18
6041.82782197 3.63415e-18
6044.86621904 3.22917e-18
6047.90461612 3.22551e-18
6050.94301319 3.47097e-18
6053.98141026 3.48725e-18
6057.01980734 3.31766e-18
6060.05820441 3.11525e-18
6063.09660149 3.10377e-18
6066.13499856 4.04309e-18
6069.17339563 3.82606e-18
6072.21179271 3.46655e-18
6075.25018978 4.02504e-18
6078.28858685 3.91134e-18
6081.32698393 3.61262e-18
6084.365381 4.64196e-18
6087.40377808 4.13448e-18
6090.44217515 4.07769e-18
6093.48057222 4.4601e-18
6096.5189693 4.26372e-18
6099.55736637 4.82098e-18
6102.59576344 5.09808e-18
6105.63416052 5.4042e-18
6108.67255759 5.04714e-18
6111.71095467 4.9875e-18
6114.74935174 5.12192e-18
6117.78774881 4.98608e-18
6120.82614589 5.37806e-18
6123.86454296 5.15284e-18
6126.90294003 4.87067e-18
6129.94133711 5.59508e-18
6132.97973418 5.6451e-18
6136.01813126 5.2922e-18
6139.05652833 5.34176e-18
6142.0949254 5.52122e-18
6145.13332248 5.62042e-18
6148.17171955 6.26537e-18
6151.21011662 6.26035e-18
6154.2485137 5.76058e-18
6157.28691077 5.73547e-18
6160.32530785 6.21188e-18
6163.36370492 5.74526e-18
6166.40210199 5.36012e-18
6169.44049907 5.05333e-18
6172.47889614 4.63746e-18
6175.51729321 4.89454e-18
6178.55569029 5.46291e-18
6181.59408736 5.15237e-18
6184.63248444 5.52169e-18
6187.67088151 4.93658e-18
6190.70927858 6.26562e-18
6193.74767566 5.81247e-18
6196.78607273 4.65124e-18
6199.8244698 5.55121e-18
6202.86286688 5.79332e-18
6205.90126395 6.29933e-18
6208.93966103 5.72565e-18
6211.9780581 5.65916e-18
6215.01645517 5.43921e-18
6218.05485225 5.50834e-18
6221.09324932 6.08143e-18
6224.13164639 5.40125e-18
6227.17004347 5.89851e-18
6230.20844054 5.30829e-18
6233.24683762 5.12087e-18
6236.28523469 5.38342e-18
6239.32363176 5.54215e-18
6242.36202884 6.11235e-18
6245.40042591 5.48808e-18
6248.43882298 5.52899e-18
6251.47722006 6.08774e-18
6254.51561713 5.62573e-18
6257.55401421 5.27804e-18
6260.59241128 5.65158e-18
6263.63080835 5.43794e-18
6266.66920543 5.061e-18
6269.7076025 4.5862e-18
6272.74599957 5.02597e-18
6275.78439665 4.88075e-18
6278.82279372 4.76012e-18
6281.8611908 4.85083e-18
6284.89958787 3.5518e-18
6287.93798494 4.62045e-18
6290.97638202 4.79064e-18
6294.01477909 4.5462e-18
6297.05317616 4.32237e-18
6300.09157324 4.04836e-18
6303.12997031 4.50933e-18
6306.16836739 5.0238e-18
6309.20676446 4.66207e-18
6312.24516153 4.11211e-18
6315.28355861 4.47871e-18
6318.32195568 4.52268e-18
6321.36035275 3.79666e-18
6324.39874983 3.67784e-18
6327.4371469 4.02695e-18
6330.47554398 4.19584e-18
6333.51394105 3.89225e-18
6336.55233812 3.9766e-18
6339.5907352 4.07508e-18
6342.62913227 3.54505e-18
6345.66752934 3.92925e-18
6348.70592642 4.00911e-18
6351.74432349 3.83452e-18
6354.78272057 3.83746e-18
6357.82111764 3.92886e-18
6360.85951471 3.97648e-18
6363.89791179 3.94585e-18
6366.93630886 4.79114e-18
6369.97470593 4.89654e-18
6373.01310301 4.62531e-18
6376.05150008 4.59031e-18
6379.08989716 4.89789e-18
6382.12829423 4.67206e-18
6385.1666913 3.64645e-18
6388.20508838 4.72396e-18
6391.24348545 4.8553e-18
6394.28188252 4.63672e-18
6397.3202796 4.78009e-18
6400.35867667 4.39981e-18
6403.39707375 3.99657e-18
6406.43547082 4.31462e-18
6409.47386789 3.87554e-18
6412.51226497 4.24384e-18
6415.55066204 5.09978e-18
6418.58905911 4.6912e-18
6421.62745619 3.95246e-18
6424.66585326 3.85619e-18
6427.70425034 4.23154e-18
6430.74264741 4.67525e-18
6433.78104448 4.3039e-18
6436.81944156 3.74847e-18
6439.85783863 4.03307e-18
6442.8962357 4.57658e-18
6445.93463278 4.57392e-18
6448.97302985 5.04274e-18
6452.01142693 5.16187e-18
6455.049824 5.08692e-18
6458.08822107 5.25083e-18
6461.12661815 5.33351e-18
6464.16501522 6.31643e-18
6467.20341229 6.04124e-18
6470.24180937 5.66076e-18
6473.28020644 5.7796e-18
6476.31860352 5.93625e-18
6479.35700059 5.99047e-18
6482.39539766 5.90877e-18
6485.43379474 6.51397e-18
6488.47219181 6.4207e-18
6491.51058888 5.76627e-18
6494.54898596 5.79043e-18
6497.58738303 6.29212e-18
6500.62578011 6.37845e-18
6503.66417718 6.21604e-18
6506.70257425 5.67907e-18
6509.74097133 6.3564e-18
6512.7793684 6.33179e-18
6515.81776547 5.82456e-18
6518.85616255 6.44454e-18
6521.89455962 6.69496e-18
6524.9329567 6.2033e-18
6527.97135377 6.60862e-18
6531.00975084 6.71994e-18
6534.04814792 6.30797e-18
6537.08654499 5.87561e-18
6540.12494206 6.20097e-18
6543.16333914 6.67342e-18
6546.20173621 6.45499e-18
6549.24013329 5.91611e-18
6552.27853036 6.24921e-18
6555.31692743 6.58582e-18
6558.35532451 6.57514e-18
6561.39372158 6.26377e-18
6564.43211865 6.18287e-18
6567.47051573 6.04156e-18
6570.5089128 6.03749e-18
6573.54730988 6.70621e-18
6576.58570695 6.98846e-18
6579.62410402 5.73322e-18
6582.6625011 5.79933e-18
6585.70089817 6.18872e-18
6588.73929524 5.96774e-18
6591.77769232 6.02571e-18
6594.81608939 6.34675e-18
6597.85448647 5.59017e-18
6600.89288354 5.51947e-18
6603.93128061 5.46565e-18
6606.96967769 5.7622e-18
6610.00807476 5.35342e-18
6613.04647183 4.87487e-18
6616.08486891 5.04593e-18
6619.12326598 4.40836e-18
6622.16166306 5.09503e-18
6625.20006013 5.41473e-18
6628.2384572 5.10251e-18
6631.27685428 4.53692e-18
6634.31525135 3.93559e-18
6637.35364842 4.36076e-18
6640.3920455 4.64582e-18
6643.43044257 4.78568e-18
6646.46883965 5.13533e-18
6649.50723672 5.02218e-18
6652.54563379 4.27198e-18
6655.58403087 4.09297e-18
6658.62242794 4.53487e-18
6661.66082501 4.23445e-18
6664.69922209 4.77607e-18
6667.73761916 4.74065e-18
6670.77601624 4.29484e-18
6673.81441331 4.54964e-18
6676.85281038 4.90446e-18
6679.89120746 4.19412e-18
6682.92960453 4.42336e-18
6685.9680016 5.19045e-18
6689.00639868 5.07074e-18
6692.04479575 4.85038e-18
6695.08319283 5.62253e-18
6698.1215899 4.86404e-18
6701.15998697 4.50638e-18
6704.19838405 4.75121e-18
6707.23678112 5.18345e-18
6710.27517819 5.29467e-18
6713.31357527 5.33279e-18
6716.35197234 5.24336e-18
6719.39036942 5.01745e-18
6722.42876649 4.76939e-18
6725.46716356 4.45107e-18
6728.50556064 4.57167e-18
6731.54395771 5.05009e-18
6734.58235478 5.13521e-18
6737.62075186 5.14226e-18
6740.65914893 5.42903e-18
6743.69754601 5.46019e-18
6746.73594308 5.32191e-18
6749.77434015 5.23363e-18
6752.81273723 4.84707e-18
6755.8511343 5.50361e-18
6758.88953137 5.70608e-18
6761.92792845 4.9996e-18
6764.96632552 4.53541e-18
6768.0047226 4.51597e-18
6771.04311967 4.72823e-18
6774.08151674 5.56477e-18
6777.11991382 5.87324e-18
6780.15831089 5.71308e-18
6783.19670796 5.78691e-18
6786.23510504 5.83778e-18
6789.27350211 5.53869e-18
6792.31189919 5.95019e-18
6795.35029626 5.86116e-18
6798.38869333 5.8193e-18
6801.42709041 5.45722e-18
6804.46548748 5.57442e-18
6807.50388455 5.7532e-18
6810.54228163 5.80036e-18
6813.5806787 5.54278e-18
6816.61907578 6.10251e-18
6819.65747285 6.22842e-18
6822.69586992 5.91208e-18
6825.734267 6.4698e-18
6828.77266407 6.24377e-18
6831.81106114 5.92573e-18
6834.84945822 6.72069e-18
6837.88785529 6.23404e-18
6840.92625237 5.1843e-18
6843.96464944 6.03486e-18
6847.00304651 6.85455e-18
6850.04144359 6.15298e-18
6853.07984066 5.88144e-18
6856.11823773 5.86836e-18
6859.15663481 5.97435e-18
6862.19503188 5.59857e-18
6865.23342896 5.81808e-18
6868.27182603 5.05044e-18
6871.3102231 3.73246e-18
6874.34862018 4.66465e-18
6877.38701725 6.04274e-18
6880.42541432 5.82804e-18
6883.4638114 5.20667e-18
6886.50220847 5.2658e-18
6889.54060555 5.49372e-18
6892.57900262 5.121e-18
6895.61739969 5.74354e-18
6898.65579677 6.95279e-18
6901.69419384 5.37628e-18
6904.73259091 5.59966e-18
6907.77098799 5.11453e-18
6910.80938506 5.15204e-18
6913.84778214 5.54241e-18
6916.88617921 5.48641e-18
6919.92457628 5.52522e-18
6922.96297336 5.15258e-18
6926.00137043 5.99965e-18
6929.0397675 5.76911e-18
6932.07816458 5.10375e-18
6935.11656165 5.17688e-18
6938.15495872 5.38837e-18
6941.1933558 6.42881e-18
6944.23175287 6.13922e-18
6947.27014995 5.80005e-18
6950.30854702 5.27644e-18
6953.34694409 4.96878e-18
6956.38534117 5.72156e-18
6959.42373824 5.31469e-18
6962.46213531 5.4891e-18
6965.50053239 5.6028e-18
6968.53892946 5.25227e-18
6971.57732654 5.13269e-18
6974.61572361 5.37903e-18
6977.65412068 5.44644e-18
6980.69251776 5.14032e-18
6983.73091483 5.89076e-18
6986.7693119 6.17998e-18
6989.80770898 5.39878e-18
6992.84610605 5.49426e-18
6995.88450313 5.67784e-18
6998.9229002 5.13622e-18
7001.96129727 4.82663e-18
7004.99969435 4.76226e-18
7008.03809142 4.6719e-18
7011.07648849 4.58314e-18
7014.11488557 5.05298e-18
7017.15328264 4.28744e-18
7020.19167972 4.4802e-18
7023.23007679 4.89795e-18
7026.26847386 4.85806e-18
7029.30687094 4.89939e-18
7032.34526801 4.94398e-18
7035.38366508 4.53993e-18
7038.42206216 4.04508e-18
7041.46045923 4.12661e-18
7044.49885631 4.41682e-18
7047.53725338 4.75638e-18
7050.57565045 4.3998e-18
7053.61404753 4.50076e-18
7056.6524446 4.61766e-18
7059.69084167 4.91069e-18
7062.72923875 4.80664e-18
7065.76763582 4.35029e-18
7068.8060329 4.70434e-18
7071.84442997 4.68005e-18
7074.88282704 4.41422e-18
7077.92122412 4.85269e-18
7080.95962119 4.97039e-18
7083.99801826 4.51228e-18
7087.03641534 4.92276e-18
7090.07481241 4.48566e-18
7093.11320949 4.8342e-18
7096.15160656 4.90556e-18
7099.19000363 4.66007e-18
7102.22840071 4.45131e-18
7105.26679778 4.30606e-18
7108.30519485 4.60484e-18
7111.34359193 5.2707e-18
7114.381989 4.72701e-18
7117.42038608 4.2446e-18
7120.45878315 4.8502e-18
7123.49718022 4.76738e-18
7126.5355773 5.66449e-18
7129.57397437 4.90992e-18
7132.61237144 4.69912e-18
7135.65076852 4.79248e-18
7138.68916559 4.50517e-18
7141.72756267 4.52992e-18
7144.76595974 4.62839e-18
7147.80435681 4.37561e-18
7150.84275389 4.51926e-18
7153.88115096 4.79645e-18
7156.91954803 4.53085e-18
7159.95794511 4.57032e-18
7162.99634218 4.63886e-18
7166.03473926 4.40607e-18
7169.07313633 4.26752e-18
7172.1115334 4.30784e-18
7175.14993048 4.17447e-18
7178.18832755 3.54751e-18
7181.22672462 3.58178e-18
7184.2651217 4.02953e-18
7187.30351877 3.89452e-18
7190.34191585 3.33473e-18
7193.38031292 3.99452e-18
7196.41870999 5.01946e-18
7199.45710707 4.01199e-18
7202.49550414 3.36873e-18
7205.53390121 3.46921e-18
7208.57229829 3.44997e-18
7211.61069536 3.55528e-18
7214.64909244 4.23631e-18
7217.68748951 3.28007e-18
7220.72588658 3.7461e-18
7223.76428366 4.23343e-18
7226.80268073 3.78946e-18
7229.8410778 3.98367e-18
7232.87947488 4.08705e-18
7235.91787195 3.74017e-18
7238.95626903 3.24647e-18
7241.9946661 3.43103e-18
7245.03306317 4.40079e-18
7248.07146025 5.22109e-18
7251.10985732 4.69542e-18
7254.14825439 4.09126e-18
7257.18665147 4.29079e-18
7260.22504854 4.4396e-18
7263.26344562 5.00891e-18
7266.30184269 5.91887e-18
7269.34023976 4.39831e-18
7272.37863684 5.20783e-18
7275.41703391 4.9184e-18
7278.45543098 4.39243e-18
7281.49382806 5.16153e-18
7284.53222513 5.89113e-18
7287.57062221 5.59431e-18
7290.60901928 4.78079e-18
7293.64741635 4.72155e-18
7296.68581343 5.33363e-18
7299.7242105 5.74767e-18
7302.76260757 5.39648e-18
7305.80100465 5.3113e-18
7308.83940172 5.21517e-18
7311.8777988 4.88962e-18
7314.91619587 4.59849e-18
7317.95459294 4.9695e-18
7320.99299002 5.1587e-18
7324.03138709 5.12221e-18
7327.06978416 4.88543e-18
7330.10818124 5.68822e-18
7333.14657831 6.13226e-18
7336.18497539 5.20479e-18
7339.22337246 4.90931e-18
7342.26176953 4.39471e-18
7345.30016661 5.13313e-18
7348.33856368 5.90285e-18
7351.37696075 5.22653e-18
7354.41535783 4.67775e-18
7357.4537549 4.95538e-18
7360.49215198 5.25673e-18
7363.53054905 5.20667e-18
7366.56894612 5.08112e-18
7369.6073432 5.12135e-18
7372.64574027 4.78983e-18
7375.68413734 4.92107e-18
7378.72253442 4.62678e-18
7381.76093149 4.66512e-18
7384.79932857 4.83022e-18
7387.83772564 5.23779e-18
7390.87612271 5.88135e-18
7393.91451979 4.93095e-18
7396.95291686 4.75063e-18
7399.99131393 4.2779e-18
7403.02971101 4.18216e-18
7406.06810808 4.96541e-18
7409.10650516 5.40781e-18
7412.14490223 5.42778e-18
7415.1832993 4.67156e-18
7418.22169638 4.46907e-18
7421.26009345 4.62125e-18
7424.29849052 4.52745e-18
7427.3368876 4.5694e-18
7430.37528467 3.87939e-18
7433.41368175 4.60546e-18
7436.45207882 4.86703e-18
7439.49047589 4.77008e-18
7442.52887297 4.78367e-18
7445.56727004 3.80508e-18
7448.60566711 4.27991e-18
7451.64406419 4.45619e-18
7454.68246126 4.63619e-18
7457.72085834 4.95204e-18
7460.75925541 5.35526e-18
7463.79765248 5.32362e-18
7466.83604956 4.72955e-18
7469.87444663 4.87778e-18
7472.9128437 4.9812e-18
7475.95124078 5.23523e-18
7478.98963785 5.66139e-18
7482.02803493 4.74731e-18
7485.066432 4.65104e-18
7488.10482907 4.83658e-18
7491.14322615 4.65424e-18
7494.18162322 4.68484e-18
7497.22002029 5.19407e-18
7500.25841737 5.35944e-18
7503.29681444 4.78527e-18
7506.33521152 4.55914e-18
7509.37360859 4.86673e-18
7512.41200566 5.16555e-18
7515.45040274 5.15146e-18
7518.48879981 5.00651e-18
7521.52719688 5.18871e-18
7524.56559396 5.70705e-18
7527.60399103 5.13754e-18
7530.64238811 4.43893e-18
7533.68078518 5.17466e-18
7536.71918225 5.04883e-18
7539.75757933 5.45638e-18
7542.7959764 6.00888e-18
7545.83437347 5.59657e-18
7548.87277055 5.11372e-18
7551.91116762 5.89743e-18
7554.9495647 5.86987e-18
7557.98796177 5.53053e-18
7561.02635884 5.38083e-18
7564.06475592 5.3946e-18
7567.10315299 5.7207e-18
7570.14155006 6.45584e-18
7573.17994714 5.99596e-18
7576.21834421 5.5195e-18
7579.25674129 6.42294e-18
7582.29513836 6.90823e-18
7585.33353543 5.82854e-18
7588.37193251 5.1321e-18
7591.41032958 5.17938e-18
7594.44872665 5.69483e-18
7597.48712373 5.79867e-18
7600.5255208 6.30842e-18
7603.56391788 6.85545e-18
7606.60231495 6.69815e-18
7609.64071202 6.63777e-18
7612.6791091 6.46839e-18
7615.71750617 6.29128e-18
7618.75590324 5.82405e-18
7621.79430032 6.20633e-18
7624.83269739 6.37914e-18
7627.87109447 6.93368e-18
7630.90949154 6.21317e-18
7633.94788861 5.87836e-18
7636.98628569 7.02602e-18
7640.02468276 6.98331e-18
7643.06307983 6.6956e-18
7646.10147691 5.71161e-18
7649.13987398 5.33108e-18
7652.17827106 5.82127e-18
7655.21666813 5.93604e-18
7658.2550652 6.03325e-18
7661.29346228 6.61276e-18
7664.33185935 6.3928e-18
7667.37025642 5.48117e-18
7670.4086535 6.00135e-18
7673.44705057 6.68201e-18
7676.48544765 5.56385e-18
7679.52384472 5.55674e-18
7682.56224179 5.64059e-18
7685.60063887 5.25925e-18
7688.63903594 6.04705e-18
7691.67743301 5.88293e-18
7694.71583009 6.33341e-18
7697.75422716 6.06407e-18
7700.79262424 5.15909e-18
7703.83102131 5.60014e-18
7706.86941838 6.10269e-18
7709.90781546 5.72089e-18
7712.94621253 4.59878e-18
7715.9846096 4.88184e-18
7719.02300668 5.99291e-18
7722.06140375 6.37492e-18
7725.09980083 6.87849e-18
7728.1381979 5.51603e-18
7731.17659497 5.61147e-18
7734.21499205 6.46064e-18
7737.25338912 5.78976e-18
7740.29178619 5.64989e-18
7743.33018327 5.6029e-18
7746.36858034 5.46169e-18
7749.40697742 6.50285e-18
7752.44537449 6.86513e-18
7755.48377156 5.47366e-18
7758.52216864 5.3986e-18
7761.56056571 5.21189e-18
7764.59896278 5.52572e-18
7767.63735986 5.67438e-18
7770.67575693 5.48192e-18
7773.71415401 5.24007e-18
7776.75255108 5.62359e-18
7779.79094815 5.97507e-18
7782.82934523 5.56661e-18
7785.8677423 4.88159e-18
7788.90613937 5.06739e-18
7791.94453645 4.84328e-18
7794.98293352 5.13248e-18
7798.0213306 5.32602e-18
7801.05972767 5.29308e-18
7804.09812474 5.33847e-18
7807.13652182 5.89125e-18
7810.17491889 5.92882e-18
7813.21331596 5.60015e-18
7816.25171304 6.06558e-18
7819.29011011 5.86166e-18
7822.32850718 5.10898e-18
7825.36690426 5.49153e-18
7828.40530133 5.3939e-18
7831.44369841 5.46979e-18
7834.48209548 5.81089e-18
7837.52049255 5.60803e-18
7840.55888963 4.26676e-18
7843.5972867 4.21113e-18
7846.63568377 5.28369e-18
7849.67408085 5.09396e-18
7852.71247792 3.83499e-18
7855.750875 4.39191e-18
7858.78927207 5.21046e-18
7861.82766914 3.75778e-18
7864.86606622 4.61658e-18
7867.90446329 4.83827e-18
7870.94286036 4.45629e-18
7873.98125744 4.46439e-18
7877.01965451 4.08163e-18
7880.05805159 3.77223e-18
7883.09644866 2.17709e-18
7886.13484573 3.10254e-18
7889.17324281 4.56777e-18
7892.21163988 3.30343e-18
7895.25003695 2.12583e-18
7898.28843403 9.2165e-19
7901.3268311 1.50706e-18
7904.36522818 2.24244e-18
7907.40362525 2.68303e-18
7910.44202232 3.87492e-18
7913.4804194 3.09378e-18
7916.51881647 2.68323e-18
7919.55721354 1.99502e-18
7922.59561062 2.0042e-18
7925.63400769 2.44489e-18
7928.67240477 2.67677e-18
7931.71080184 2.4664e-18
7934.74919891 2.2557e-18
7937.78759599 2.05926e-18
7940.82599306 2.03258e-18
7943.86439013 2.23368e-18
7946.90278721 1.90803e-18
7949.94118428 2.14613e-18
7952.97958136 2.94022e-18
7956.01797843 2.21475e-18
7959.0563755 1.24148e-18
7962.09477258 2.39597e-18
7965.13316965 1.7846e-18
7968.17156672 2.10117e-18
7971.2099638 2.56446e-18
7974.24836087 2.17143e-18
7977.28675795 2.28241e-18
7980.32515502 2.82988e-18
7983.36355209 2.14573e-18
7986.40194917 2.63007e-18
7989.44034624 3.44008e-18
7992.47874331 3.07431e-18
7995.51714039 3.04645e-18
7998.55553746 3.14575e-18
8001.59393454 3.64046e-18
8004.63233161 3.38065e-18
8007.67072868 3.30364e-18
8010.70912576 4.46938e-18
8013.74752283 4.97347e-18
8016.7859199 3.68222e-18
8019.82431698 4.06166e-18
8022.86271405 4.86869e-18
8025.90111113 4.34915e-18
8028.9395082 4.84325e-18
8031.97790527 5.7945e-18
8035.01630235 5.5726e-18
8038.05469942 5.54379e-18
8041.09309649 5.49137e-18
8044.13149357 5.28892e-18
8047.16989064 6.26378e-18
8050.20828772 5.73163e-18
8053.24668479 5.40279e-18
8056.28508186 5.87304e-18
8059.32347894 6.0903e-18
8062.36187601 6.25631e-18
8065.40027308 6.84368e-18
8068.43867016 5.58421e-18
8071.47706723 5.6125e-18
8074.51546431 6.93035e-18
8077.55386138 6.65222e-18
8080.59225845 6.25895e-18
8083.63065553 5.85076e-18
8086.6690526 6.17174e-18
8089.70744967 6.73951e-18
8092.74584675 6.87801e-18
8095.78424382 7.23883e-18
8098.8226409 6.84695e-18
8101.86103797 6.44993e-18
8104.89943504 5.91627e-18
8107.93783212 6.85046e-18
8110.97622919 8.20829e-18
8114.01462626 6.83956e-18
8117.05302334 6.58546e-18
8120.09142041 6.62596e-18
8123.12981749 6.81978e-18
8126.16821456 6.9111e-18
8129.20661163 6.45328e-18
8132.24500871 7.05316e-18
8135.28340578 6.37851e-18
8138.32180285 6.0168e-18
8141.36019993 6.74202e-18
8144.398597 6.89884e-18
8147.43699408 6.30297e-18
8150.47539115 5.96689e-18
8153.51378822 5.99053e-18
8156.5521853 6.20599e-18
8159.59058237 6.57435e-18
8162.62897944 6.68536e-18
8165.66737652 6.71726e-18
8168.70577359 5.86332e-18
8171.74417067 5.70647e-18
8174.78256774 6.04709e-18
8177.82096481 5.65767e-18
8180.85936189 5.9177e-18
8183.89775896 5.74101e-18
8186.93615603 5.99587e-18
8189.97455311 6.10356e-18
8193.01295018 6.21944e-18
8196.05134726 6.96752e-18
8199.08974433 6.42275e-18
8202.1281414 6.35792e-18
8205.16653848 6.1539e-18
8208.20493555 5.80745e-18
8211.24333262 6.13173e-18
8214.2817297 5.93244e-18
8217.32012677 5.81372e-18
8220.35852385 5.35204e-18
8223.39692092 5.5229e-18
8226.43531799 5.76376e-18
8229.47371507 4.6457e-18
8232.51211214 5.54159e-18
8235.55050921 5.55623e-18
8238.58890629 5.47014e-18
8241.62730336 5.97257e-18
8244.66570044 5.80467e-18
8247.70409751 5.11175e-18
8250.74249458 5.74851e-18
8253.78089166 5.93345e-18
8256.81928873 5.26052e-18
8259.8576858 5.59449e-18
8262.89608288 6.28419e-18
8265.93447995 5.30035e-18
8268.97287703 5.01577e-18
8272.0112741 5.73166e-18
8275.04967117 5.98893e-18
8278.08806825 5.37406e-18
8281.12646532 5.38356e-18
8284.16486239 5.77123e-18
8287.20325947 5.56575e-18
8290.24165654 4.97307e-18
8293.28005362 4.76773e-18
8296.31845069 5.2578e-18
8299.35684776 5.46055e-18
8302.39524484 5.03756e-18
8305.43364191 4.8294e-18
8308.47203898 4.93013e-18
8311.51043606 5.64302e-18
8314.54883313 5.41869e-18
8317.58723021 5.26906e-18
8320.62562728 5.34894e-18
8323.66402435 5.38725e-18
8326.70242143 5.24214e-18
8329.7408185 5.42159e-18
8332.77921557 4.8827e-18
8335.81761265 5.31795e-18
8338.85600972 5.98801e-18
8341.8944068 5.65877e-18
8344.93280387 5.62317e-18
8347.97120094 6.34092e-18
8351.00959802 5.08147e-18
8354.04799509 4.92637e-18
8357.08639216 5.97581e-18
8360.12478924 4.68451e-18
8363.16318631 4.99812e-18
8366.20158339 5.06629e-18
8369.23998046 4.88783e-18
8372.27837753 4.39284e-18
8375.31677461 3.96495e-18
8378.35517168 4.20198e-18
8381.39356875 5.247e-18
8384.43196583 4.96e-18
8387.4703629 4.7769e-18
8390.50875998 5.27064e-18
8393.54715705 4.70735e-18
8396.58555412 5.23305e-18
8399.6239512 4.85126e-18
8402.66234827 3.57909e-18
8405.70074534 3.59507e-18
8408.73914242 4.07927e-18
8411.77753949 4.25618e-18
8414.81593657 4.20313e-18
8417.85433364 4.11523e-18
8420.89273071 3.78514e-18
8423.93112779 4.38097e-18
8426.96952486 5.56826e-18
8430.00792193 5.55828e-18
8433.04631901 5.58378e-18
8436.08471608 5.22114e-18
8439.12311316 3.50681e-18
8442.16151023 3.05741e-18
8445.1999073 3.7034e-18
8448.23830438 4.42647e-18
8451.27670145 4.48724e-18
8454.31509852 3.84615e-18
8457.3534956 3.8216e-18
8460.39189267 4.64795e-18
8463.43028975 4.56039e-18
8466.46868682 3.89613e-18
8469.50708389 4.35632e-18
8472.54548097 4.84029e-18
8475.58387804 3.36243e-18
8478.62227511 3.66548e-18
8481.66067219 4.04941e-18
8484.69906926 3.78892e-18
8487.73746634 3.9977e-18
8490.77586341 3.41582e-18
8493.81426048 3.84996e-18
8496.85265756 3.85416e-18
8499.89105463 3.88322e-18
8502.9294517 3.66098e-18
8505.96784878 2.93748e-18
8509.00624585 3.82458e-18
8512.04464293 3.92897e-18
8515.08304 3.79758e-18
8518.12143707 3.47738e-18
8521.15983415 3.35287e-18
8524.19823122 3.53584e-18
8527.23662829 3.31168e-18
8530.27502537 3.47231e-18
8533.31342244 3.7197e-18
8536.35181952 3.70293e-18
8539.39021659 3.72671e-18
8542.42861366 4.1007e-18
8545.46701074 4.02623e-18
8548.50540781 3.77202e-18
8551.54380488 3.97493e-18
8554.58220196 3.84783e-18
8557.62059903 3.81901e-18
8560.65899611 3.4621e-18
8563.69739318 3.56783e-18
8566.73579025 3.65323e-18
8569.77418733 3.48177e-18
8572.8125844 3.89681e-18
8575.85098147 3.73344e-18
8578.88937855 3.38809e-18
8581.92777562 3.41688e-18
8584.9661727 3.49572e-18
8588.00456977 3.16467e-18
8591.04296684 3.07425e-18
8594.08136392 2.49239e-18
8597.11976099 2.0954e-18
8600.15815806 2.92248e-18
8603.19655514 2.9135e-18
8606.23495221 2.05641e-18
8609.27334929 1.98212e-18
8612.31174636 2.74552e-18
8615.35014343 3.39369e-18
8618.38854051 2.97846e-18
8621.42693758 1.85392e-18
8624.46533465 9.7518e-19
8627.50373173 1.14366e-18
8630.5421288 1.24127e-18
8633.58052588 1.14416e-18
8636.61892295 1.75501e-18
8639.65732002 1.32318e-18
8642.6957171 1.6769e-18
8645.73411417 2.34828e-18
8648.77251124 1.90494e-18
8651.81090832 1.55871e-18
8654.84930539 1.48775e-18
8657.88770247 1.31549e-18
8660.92609954 9.59173e-19
8663.96449661 1.26876e-18
8667.00289369 1.50224e-18
8670.04129076 1.03689e-18
8673.07968783 9.7989e-19
8676.11808491 1.20552e-18
8679.15648198 9.32652e-19
8682.19487906 8.39365e-19
8685.23327613 1.25167e-18
8688.2716732 1.58645e-18
8691.31007028 1.60179e-18
8694.34846735 1.40035e-18
8697.38686442 8.26011e-19
8700.4252615 1.11967e-18
8703.46365857 1.55016e-18
8706.50205564 2.32862e-18
8709.54045272 2.1033e-18
8712.57884979 1.23861e-18
8715.61724687 1.09914e-18
8718.65564394 1.36166e-18
8721.69404101 1.5155e-18
8724.73243809 2.16394e-18
8727.77083516 2.11723e-18
8730.80923223 9.44022e-19
8733.84762931 1.60404e-18
8736.88602638 1.86394e-18
8739.92442346 1.58312e-18
8742.96282053 1.8386e-18
8746.0012176 2.18637e-18
8749.03961468 1.90797e-18
8752.07801175 2.09782e-18
8755.11640882 2.44344e-18
8758.1548059 2.62871e-18
8761.19320297 2.7563e-18
8764.23160005 3.00086e-18
8767.26999712 3.03214e-18
8770.30839419 3.55447e-18
8773.34679127 3.40062e-18
8776.38518834 2.27869e-18
8779.42358541 3.05905e-18
8782.46198249 3.16299e-18
8785.50037956 2.60498e-18
8788.53877664 2.34583e-18
8791.57717371 2.61671e-18
8794.61557078 3.62693e-18
8797.65396786 3.6205e-18
8800.69236493 3.11446e-18
8803.730762 2.98659e-18
8806.76915908 2.91395e-18
8809.80755615 2.56213e-18
8812.84595323 2.96623e-18
8815.8843503 2.89428e-18
8818.92274737 3.0909e-18
8821.96114445 3.54268e-18
8824.99954152 3.10646e-18
8828.03793859 3.00965e-18
8831.07633567 3.08148e-18
8834.11473274 3.39222e-18
8837.15312982 3.67755e-18
8840.19152689 3.05952e-18
8843.22992396 4.28791e-18
8846.26832104 4.20304e-18
8849.30671811 3.66561e-18
8852.34511518 3.92946e-18
8855.38351226 4.23589e-18
8858.42190933 4.85243e-18
8861.46030641 4.8927e-18
8864.49870348 4.57877e-18
8867.53710055 4.01581e-18
8870.57549763 4.18617e-18
8873.6138947 4.52783e-18
8876.65229177 3.97871e-18
8879.69068885 3.98641e-18
8882.72908592 4.33201e-18
8885.767483 4.73175e-18
8888.80588007 5.3562e-18
8891.84427714 5.24529e-18
8894.88267422 4.18297e-18
8897.92107129 4.60099e-18
8900.95946836 5.26919e-18
8903.99786544 4.98391e-18
8907.03626251 4.67442e-18
8910.07465959 3.85016e-18
8913.11305666 4.93192e-18
8916.15145373 6.9324e-18
8919.18985081 6.17466e-18
8922.22824788 6.52097e-18
8925.26664495 5.91765e-18
8928.30504203 5.89243e-18
8931.3434391 6.13227e-18
8934.38183618 5.48736e-18
8937.42023325 5.37117e-18
8940.45863032 6.41316e-18
8943.4970274 6.88247e-18
8946.53542447 6.52047e-18
8949.57382154 6.56022e-18
8952.61221862 7.17165e-18
8955.65061569 7.12009e-18
8958.68901277 8.12973e-18
8961.72740984 8.45427e-18
8964.76580691 7.56037e-18
8967.80420399 7.22083e-18
8970.84260106 7.24617e-18
8973.88099813 8.40183e-18
8976.91939521 8.38823e-18
8979.95779228 6.77613e-18
8982.99618936 5.40892e-18
8986.03458643 6.74458e-18
8989.0729835 6.05722e-18
8992.11138058 6.77141e-18
8995.14977765 7.75957e-18
8998.18817472 6.42055e-18
9001.2265718 7.17652e-18
9004.26496887 7.62702e-18
9007.30336595 7.17972e-18
9010.34176302 6.93857e-18
9013.38016009 7.64741e-18
9016.41855717 8.42842e-18
9019.45695424 8.1806e-18
9022.49535131 7.40338e-18
9025.53374839 7.35074e-18
9028.57214546 8.04305e-18
9031.61054254 7.43476e-18
9034.64893961 8.29899e-18
9037.68733668 8.01244e-18
9040.72573376 7.45472e-18
9043.76413083 8.15168e-18
9046.8025279 6.79744e-18
9049.84092498 7.19652e-18
9052.87932205 9.33873e-18
9055.91771913 9.20849e-18
9058.9561162 8.35647e-18
9061.99451327 8.81755e-18
9065.03291035 7.09936e-18
9068.07130742 6.53368e-18
9071.10970449 7.44577e-18
9074.14810157 7.52408e-18
9077.18649864 7.12605e-18
9080.22489572 6.55347e-18
9083.26329279 6.39847e-18
9086.30168986 7.18161e-18
9089.34008694 7.49136e-18
9092.37848401 6.31266e-18
9095.41688108 7.0901e-18
9098.45527816 6.92931e-18
9101.49367523 6.98154e-18
9104.53207231 7.90103e-18
9107.57046938 7.36506e-18
9110.60886645 5.54784e-18
9113.64726353 5.8614e-18
9116.6856606 6.60623e-18
9119.72405767 6.46429e-18
9122.76245475 6.01876e-18
9125.80085182 5.71108e-18
9128.8392489 5.55696e-18
9131.87764597 6.39683e-18
9134.91604304 6.86169e-18
9137.95444012 6.11419e-18
9140.99283719 5.97435e-18
9144.03123426 6.11644e-18
9147.06963134 5.44846e-18
9150.10802841 5.42218e-18
9153.14642549 6.12046e-18
9156.18482256 4.58857e-18
9159.22321963 5.26484e-18
9162.26161671 5.33204e-18
9165.30001378 4.36359e-18
9168.33841085 5.05453e-18
9171.37680793 5.72194e-18
9174.415205 5.18257e-18
9177.45360208 4.88762e-18
9180.49199915 5.10243e-18
9183.53039622 4.74037e-18
9186.5687933 4.94407e-18
9189.60719037 4.69797e-18
9192.64558744 3.94333e-18
9195.68398452 4.33588e-18
9198.72238159 5.02016e-18
9201.76077867 3.92241e-18
9204.79917574 3.97444e-18
9207.83757281 4.50014e-18
9210.87596989 4.66623e-18
9213.91436696 4.28351e-18
9216.95276403 3.62021e-18
9219.99116111 4.21177e-18
9223.02955818 3.80828e-18
9226.06795526 3.1541e-18
9229.10635233 2.92035e-18
9232.1447494 3.1429e-18
9235.18314648 3.35835e-18
9238.22154355 2.89857e-18
9241.25994062 2.72646e-18
9244.2983377 3.36003e-18
9247.33673477 3.06345e-18
9250.37513185 2.33076e-18
9253.41352892 1.84778e-18
9256.45192599 2.53348e-18
9259.49032307 3.16477e-18
9262.52872014 2.55285e-18
9265.56711721 2.50436e-18
9268.60551429 2.28538e-18
9271.64391136 2.04212e-18
9274.68230844 1.72241e-18
9277.72070551 1.51979e-18
9280.75910258 2.44403e-18
9283.79749966 2.10136e-18
9286.83589673 1.61989e-18
9289.8742938 2.19169e-18
9292.91269088 1.8541e-18
9295.95108795 1.90521e-18
9298.98948503 9.82081e-19
9302.0278821 1.49683e-18
9305.06627917 2.31902e-18
9308.10467625 2.21676e-18
9311.14307332 1.28898e-18
9314.18147039 8.36154e-19
9317.21986747 2.37321e-18
9320.25826454 2.47662e-18
9323.29666162 8.15545e-19
9326.33505869 9.56253e-19
9329.37345576 8.48738e-19
9332.41185284 1.0762e-18
9335.45024991 1.2356e-18
9338.48864698 1.35453e-18
9341.52704406 1.58382e-18
9344.56544113 1.26006e-18
9347.60383821 1.52058e-18
9350.64223528 1.63647e-18
9353.68063235 1.3502e-18
9356.71902943 2.76081e-18
9359.7574265 2.52985e-18
9362.79582357 1.03398e-18
9365.83422065 1.56781e-18
9368.87261772 2.56842e-18
9371.9110148 1.40678e-18
9374.94941187 2.2329e-18
9377.98780894 2.2235e-18
9381.02620602 1.29418e-18
9384.06460309 2.48319e-18
9387.10300016 2.2366e-18
9390.14139724 4.12773e-18
9393.17979431 4.60168e-18
9396.21819139 3.0208e-18
9399.25658846 2.06396e-18
9402.29498553 1.57631e-18
9405.33338261 2.22177e-18
9408.37177968 2.26561e-18
9411.41017675 1.68557e-18
9414.44857383 2.42466e-18
9417.4869709 2.31029e-18
9420.52536798 3.13216e-18
9423.56376505 2.79969e-18
9426.60216212 1.07726e-18
9429.6405592 7.77569e-19
9432.67895627 1.24429e-18
9435.71735334 1.3659e-18
9438.75575042 2.25461e-18
9441.79414749 2.86464e-18
9444.83254457 2.21161e-18
9447.87094164 1.40102e-18
9450.90933871 2.04511e-18
9453.94773579 2.2502e-18
9456.98613286 2.29435e-18
9460.02452993 3.05396e-18
9463.06292701 1.50509e-18
9466.10132408 1.84443e-18
9469.13972116 3.28492e-18
9472.17811823 2.29319e-18
9475.2165153 1.9072e-18
9478.25491238 2.45519e-18
9481.29330945 2.03914e-18
9484.33170652 1.26957e-18
9487.3701036 1.32561e-18
9490.40850067 2.29779e-18
9493.44689775 2.1652e-18
9496.48529482 2.3837e-18
9499.52369189 1.92293e-18
9502.56208897 1.48999e-18
9505.60048604 2.88629e-18
9508.63888311 2.25043e-18
9511.67728019 1.85582e-18
9514.71567726 1.43258e-18
9517.75407434 1.13618e-18
9520.79247141 1.39623e-18
9523.83086848 1.93181e-18
9526.86926556 1.50704e-18
9529.90766263 1.63738e-18
9532.9460597 1.9937e-18
9535.98445678 1.50223e-18
9539.02285385 1.55106e-18
9542.06125093 1.7702e-18
9545.099648 2.13013e-18
9548.13804507 2.00153e-18
9551.17644215 1.13832e-18
9554.21483922 1.88826e-18
9557.25323629 1.79473e-18
9560.29163337 2.14729e-18
9563.33003044 2.63395e-18
9566.36842752 2.0903e-18
9569.40682459 2.20443e-18
9572.44522166 2.8273e-18
9575.48361874 2.95231e-18
9578.52201581 2.15304e-18
9581.56041288 1.82174e-18
9584.59880996 1.63759e-18
9587.63720703 1.65002e-18
9590.67560411 1.82429e-18
9593.71400118 1.81887e-18
9596.75239825 2.05866e-18
9599.79079533 2.55577e-18
9602.8291924 1.85183e-18
9605.86758947 2.12055e-18
9608.90598655 2.4353e-18
9611.94438362 1.06199e-18
9614.98278069 1.12775e-18
9618.02117777 1.74658e-18
9621.05957484 2.26011e-18
